4594 450501.579614
478 408679.401641
974 393008.210694
47 329794.943463
1236 234667.714286
1219 224613.0
977 206569.569969
451 194636.173619
3225 190538.645086
2485 190199.287464
4570 153386.300302
55 140808.5
3222 137699.783703
973 132836.091124
473 116418.501037
476 116418.501037
462 115696.699371
3769 110006.608332
3100 106169.118994
455 100905.034699
472 98895.5957093
3376 90960.0
445 90629.8733537
3096 90062.9953129
3113 90062.9953129
4405 89547.7259858
783 80751.9737865
1620 80074.6672576
90 77849.6262771
3991 75836.0842517
3107 75168.0
3384 73829.0
652 72912.4121795
1854 72497.6262771
3924 71290.5
2755 68475.8273646
781 64976.2487386
2771 63539.0
2126 57605.1123462
461 52626.261383
44 51532.5413895
718 49689.0
43 47803.3522168
61 47803.3522168
1526 47736.778699
2823 46439.0904291
3574 44723.9417442
3218 43508.0397783
3219 43508.0397783
3220 43508.0397783
3238 43508.0397783
513 41137.364258
4600 40360.7926346
4063 39704.0
4399 37500.3178413
3914 36218.0
3915 36218.0
1524 35549.0358579
1862 35505.1121246
3229 35484.902798
449 35323.4004823
82 35194.096729
479 34243.8206457
3006 34099.8397476
677 32729.0
45 31931.5180965
3390 31563.0
3165 31373.010734
5586 31328.0
2033 30576.9761453
4177 30176.4795643
678 28562.1666667
4067 28520.0
5040 28520.0
3995 28398.2798106
1514 28393.9480411
1618 28135.1168088
59 27381.6901368
1438 27113.0
4959 27113.0
4466 26013.0881627
4979 25840.1666667
525 25727.5555556
5068 25704.0
3990 25511.2182464
468 25144.31345
3221 25129.6777999
465 25126.31345
637 24442.5595238
1897 24293.1111111
3152 24293.0
463 23966.2272447
627 23796.3731394
4504 23450.6640094
46 23366.5504665
927 22880.0
480 22401.0785376
964 22316.6970244
965 22316.6970244
966 22316.6970244
967 22316.6970244
968 22316.6970244
969 22316.6970244
970 22316.6970244
971 22316.6970244
983 22316.6970244
928 21518.65
4866 21465.0
49 21081.9389735
1637 20888.2907098
2224 20717.5066559
1671 20170.1476691
1732 20061.0
1515 19637.9063092
1534 19637.9063092
4953 19405.927027
102 18932.5502636
5334 18641.0
649 18635.8641026
2501 18633.9661574
245 18388.4358119
2128 17833.6666667
2129 17833.6666667
2143 17833.6666667
1673 17312.795705
3993 17272.6318137
3685 17208.0
2691 16708.4145788
1626 16271.75
1627 16271.75
1628 16271.75
1629 16271.75
1630 16271.75
1631 16271.75
1632 16271.75
1633 16271.75
4400 16035.3178413
1208 15941.6166667
657 15938.1096154
2984 15785.3333333
1619 15772.5794787
3386 15720.5
5580 15704.7662114
5598 15704.7662114
1621 15418.2724165
483 15362.237234
243 15122.4095358
2694 14794.7576999
4272 14521.4643305
386 14362.3333333
665 14360.0
5604 13983.7976638
1623 13820.7907814
1624 13820.7907814
1622 13716.5153025
5470 13304.1262842
1197 13114.1096154
4282 12958.0
607 12933.1123462
537 12933.0
2149 12933.0
235 12477.8437068
349 12391.648542
469 12292.31345
2990 12244.3341719
232 12123.8131368
2354 12048.2052382
5581 11938.8906926
4311 11612.1190294
4152 11565.2658995
52 11561.105564
1215 11557.0474359
1163 11557.0136848
4387 11520.5627148
4388 11520.5627148
4397 11520.5627148
4402 11520.5627148
4407 11520.5627148
3388 11504.0
3396 11504.0
4389 11480.4668361
4391 11480.4668361
5517 11068.2559975
4204 11040.9181869
3693 10807.5
5579 10084.2
3411 10084.0
2754 10076.6283098
5235 10073.0
5367 10073.0
2649 10012.5341455
3551 9973.25524683
2510 9871.30588131
3231 9517.15188825
3233 9517.15188825
3235 9517.15188825
4357 9507.375
94 9405.97675468
2070 9308.46417935
2989 9127.5
2826 9058.37189511
4946 8869.34487078
1205 8813.45
4958 8791.42568233
1847 8754.27033884
1848 8754.27033884
3848 8655.0
4295 8640.2
4048 8530.5
4049 8530.5
4050 8530.5
4068 8530.5
4181 8522.44727021
2746 8370.57373014
3561 8354.71054487
1851 8287.61603481
3628 8248.44998192
2831 7865.78106579
240 7744.48600439
3156 7553.14637051
3175 7553.14637051
4310 7333.06425804
4205 7288.66248951
1145 7179.12270882
2830 6982.99145037
1125 6831.68923485
2616 6732.6338576
3136 6702.91666667
3137 6702.91666667
3155 6702.91666667
3097 6625.37871639
2591 6500.36413225
745 6487.33333333
4197 6329.71142927
3157 6294.67791308
4235 6285.95950843
1852 6010.7555103
3550 5907.63184466
561 5771.47884615
735 5748.0
737 5748.0
5563 5694.58571841
5567 5694.58571841
1486 5625.86111514
399 5624.61656955
400 5624.61656955
419 5624.61656955
4571 5603.30303641
453 5567.65317129
2595 5525.08869188
4945 5475.72740675
2214 5474.53408321
4322 5189.47301389
4239 5148.40236558
1489 5000.19776707
5566 4977.88571841
4585 4890.17306003
4601 4890.17306003
3989 4887.77095609
3994 4887.77095609
3996 4887.77095609
1617 4880.78609454
4347 4843.125
2227 4807.49823234
5084 4765.52380952
2592 4708.49900123
4944 4686.03536465
2593 4684.15204719
1106 4683.09849181
4321 4650.8286529
1853 4532.30401915
92 4506.74325536
5521 4483.9404358
1474 4456.34160576
4398 4407.48931736
2840 4389.87318798
2213 4363.48255554
42 4345.24898435
5116 4342.2
567 4332.0
4261 4328.66666667
4947 4224.38127425
2601 4215.83802269
1282 4151.27339829
53 4109.86006579
1431 4016.4
1432 4016.4
1433 4016.4
1434 4016.4
1451 4016.4
3567 3975.72610222
96 3962.96806418
97 3962.96806418
5599 3877.27976487
1516 3842.37570237
1517 3842.37570237
1518 3842.37570237
1522 3842.37570237
1525 3842.37570237
1336 3814.39186491
4568 3672.6329431
4569 3672.6329431
4584 3672.6329431
2504 3653.97970214
5221 3604.5
5241 3604.5
3689 3592.5
1416 3591.08262753
2774 3554.35119048
2690 3465.25057307
1476 3456.75903356
41 3414.71782463
2232 3386.40649026
4770 3364.66666667
4788 3364.66666667
526 3362.83333333
546 3362.83333333
1661 3331.1234596
767 3314.32342627
2828 3311.32198084
2241 3281.64350117
2225 3277.03544256
4596 3224.75550188
2215 3107.97001779
233 3104.78423482
2506 3091.00996153
3629 3070.32706891
1660 3051.6157215
1484 3031.66794911
336 2994.20894115
1662 2965.04889861
1663 2965.04889861
2619 2901.6488647
4415 2765.33023097
1341 2744.18195227
4598 2722.46710121
1283 2710.73550821
4409 2708.29160432
2695 2676.80967087
2014 2654.48509273
2025 2653.88730953
3168 2472.33636151
1332 2415.24413418
1132 2313.30214527
339 2291.34843695
4852 2273.97619048
4853 2273.97619048
4854 2273.97619048
4871 2273.97619048
5028 2254.37626263
5031 2254.37626263
5033 2254.37626263
5035 2254.37626263
5042 2254.37626263
48 2204.04364566
641 2201.24580599
3787 2199.77145932
4957 2135.0054577
3568 2106.5732952
4133 2046.08314249
4135 2030.6481348
4134 1969.69270801
5026 1966.17626263
5030 1966.17626263
5036 1966.17626263
5596 1956.56601732
535 1919.33333333
4867 1913.47619048
4868 1913.47619048
4005 1896.27499607
1126 1882.36571686
5069 1876.52380952
5074 1876.52380952
5075 1876.52380952
5078 1876.52380952
5082 1876.52380952
3987 1839.97114266
4168 1822.05984344
4169 1822.05984344
4170 1822.05984344
4171 1822.05984344
4172 1822.05984344
4173 1822.05984344
4174 1822.05984344
4175 1822.05984344
4176 1822.05984344
4188 1822.05984344
2145 1799.75
2146 1799.75
2150 1799.75
2165 1799.75
600 1799.75
601 1799.75
602 1799.75
620 1799.75
4345 1798.91666667
4346 1798.91666667
4365 1798.91666667
2703 1793.86391697
4458 1791.875
4459 1791.875
4460 1791.875
4461 1791.875
4462 1791.875
4463 1791.875
4464 1791.875
4478 1791.875
246 1782.125553
1133 1756.73904354
1134 1756.73904354
2818 1706.64193918
4231 1695.62142088
4232 1695.62142088
4233 1695.62142088
4242 1695.62142088
2345 1689.53861631
1723 1673.2
1726 1673.2
1727 1673.2
1731 1673.2
1733 1673.2
1741 1673.2
5499 1645.57812757
5072 1636.85714286
410 1570.81162635
2067 1518.64598558
963 1485.7974359
1147 1484.62836923
1148 1484.62836923
1149 1484.62836923
1150 1484.62836923
1151 1484.62836923
1152 1484.62836923
1153 1484.62836923
1157 1484.62836923
1164 1484.62836923
2524 1463.88723259
4243 1439.66666667
4247 1439.66666667
671 1424.0
1846 1418.69242349
5605 1382.9919481
5610 1382.9919481
239 1342.53943024
3985 1335.16524573
1074 1324.59182834
4599 1294.50207472
1339 1283.61267564
4323 1255.44602866
2837 1242.71044964
251 1238.43209965
2985 1197.16666667
2974 1196.66666667
242 1193.92925074
2211 1170.52773179
2643 1151.25816274
2644 1151.25816274
2645 1151.25816274
2662 1151.25816274
2343 1145.30578759
2838 1137.51006951
1635 1130.59409244
2825 1129.33444487
54 1101.92213347
1121 1099.54001264
474 1094.73381201
4236 1072.12380952
2235 1061.9821002
2352 1056.30876937
1113 1040.89982731
1115 1040.89982731
1116 1040.89982731
1117 1040.89982731
1122 1040.89982731
1123 1040.89982731
2013 1026.31027349
459 1025.02735404
2015 1015.48290524
1363 1006.45134873
1364 1006.45134873
1533 990.590610953
5516 968.954271275
5518 968.954271275
5519 968.954271275
5520 968.954271275
5536 968.954271275
231 940.985339276
2752 915.656105598
3895 910.765185369
4361 899.875
4364 899.875
4147 877.883499746
4148 877.883499746
4149 877.883499746
4150 877.883499746
4167 877.883499746
1536 863.4
1537 863.4
1538 863.4
1539 863.4
1554 863.4
2340 860.801507875
2341 860.801507875
2659 858.24717288
628 756.245805991
632 756.245805991
633 756.245805991
635 756.245805991
1070 748.370670817
1071 748.370670817
356 747.961486367
4146 746.533596146
341 744.595727506
4505 737.974417212
1280 737.841503913
2022 733.660123523
2023 733.355509828
729 720.0
3767 716.666666667
4573 710.180313589
4579 710.180313589
2027 706.919592164
5584 700.678571429
5600 698.113947753
3625 697.512013256
2026 695.921012545
337 693.09382121
2016 687.82314755
1883 676.972222222
1884 676.972222222
1885 676.972222222
1886 676.972222222
1889 676.972222222
1890 676.972222222
1891 676.972222222
1892 676.972222222
1903 676.972222222
5613 668.385046711
2687 657.256717688
3553 651.071028822
3554 651.071028822
3555 651.071028822
2820 623.750087992
2821 609.041435848
2684 608.520049387
2685 608.520049387
2482 606.174177647
2019 599.660054615
3559 598.37863983
2353 589.954511949
2351 589.156773191
1528 581.696276131
2661 560.399477923
2688 560.302185881
4141 556.080931214
4513 542.404975316
4514 542.404975316
4515 542.404975316
2623 539.638879714
4512 533.486124462
2608 531.507679541
2614 531.507679541
2624 531.507679541
2621 531.365522679
2056 490.891871724
4521 486.052987337
57 481.808657806
4132 481.690752833
4775 479.666666667
1073 454.527971034
1634 442.726511708
1625 440.430432787
58 433.838755266
631 433.805206313
249 431.95364114
2587 431.312171155
2589 431.312171155
248 428.448337494
5473 426.707248559
3904 425.373915226
2507 421.713473929
2588 421.584550459
2598 421.584550459
2599 421.584550459
2600 421.584550459
2607 421.584550459
2012 421.174051401
1284 416.902944206
1668 413.236795446
1679 413.236795446
4136 411.845704681
1479 401.65067116
1493 400.701428735
2655 395.396581148
234 389.236489896
1077 369.547737241
2144 368.14592824
625 364.99421869
634 364.99421869
630 363.806412052
700 363.806412052
640 363.097865043
701 362.808441967
4394 360.791666667
4395 360.791666667
4633 360.791666667
4292 360.7
4303 360.7
4284 360.5
4287 360.5
4403 360.0
2063 359.79931754
2514 358.344218295
1894 357.75
1899 357.75
1901 357.75
236 351.292513288
2218 351.112312066
350 346.25132734
1473 339.341652103
1286 337.499156695
241 335.362785857
353 334.189416664
2654 333.557111397
237 317.867754418
3556 314.689587285
3894 314.458334624
703 314.075992063
2024 311.79118784
1290 301.856586526
1335 282.04140654
2216 281.489210475
1480 279.29250373
5515 278.525
1475 277.21483532
1477 276.930672261
1636 273.226562327
4191 270.818426623
4193 270.818426623
4194 270.818426623
4199 270.818426623
4209 270.818426623
5098 270.0
2612 263.94486403
3899 260.324299687
3901 260.324299687
4503 260.200313884
3905 259.35763302
5472 259.35763302
5474 259.35763302
5477 259.35763302
3169 252.019176735
4196 250.226962657
4195 246.853750395
2650 245.564160708
4517 235.050376032
1418 234.501523106
2697 232.998227589
60 229.604311736
2020 228.686394768
2021 228.686394768
338 224.804567034
4611 219.073221034
626 218.586448274
4142 215.227337719
4305 214.814646608
622 213.255450514
2029 207.571527225
2049 207.571527225
2034 206.715851396
2030 206.438291048
2031 206.438291048
2037 206.438291048
2042 206.438291048
238 203.689863835
4137 201.569631943
1664 200.792892157
1665 200.792892157
1666 200.792892157
1667 200.792892157
4145 196.872358996
475 195.943868694
4956 192.8091133
3992 191.753167806
4508 187.34220759
4203 187.063458466
1079 183.878035287
2991 178.410540569
2992 178.410540569
2993 178.410540569
2994 178.410540569
2996 178.410540569
2997 178.410540569
2998 178.410540569
2999 178.410540569
3000 178.410540569
3001 178.410540569
3002 178.410540569
3003 178.410540569
3004 178.410540569
3010 178.410540569
1337 175.859452796
4522 171.061860255
4523 166.287426355
50 165.467042297
2833 164.388519074
4509 157.7716679
1490 156.704004133
4189 154.060053664
4406 153.882721969
247 150.915961332
4524 146.264486996
4525 145.436879073
4608 144.02381496
4610 142.959634821
784 142.55
785 142.55
786 142.55
787 142.55
788 142.55
789 142.55
790 142.55
791 142.55
792 142.55
793 142.55
794 142.55
795 142.55
796 142.55
797 142.55
798 142.55
799 142.55
800 142.55
801 142.55
802 142.55
803 142.55
2220 140.635137556
2827 134.917065564
1491 131.31775763
1485 130.701848539
4412 130.452665532
4414 130.452665532
1492 130.361979258
1287 128.957353535
4192 121.510093238
2219 117.51152548
4506 117.439440617
1295 112.525004098
4507 105.402762085
2699 104.226988391
2700 104.226988391
1285 100.469543578
1289 100.469543578
2222 100.28158565
2696 96.1222640043
2594 92.4450161739
2513 91.7916205473
3172 88.5691379533
1124 87.5516442699
2505 79.5042770831
2651 78.6542092439
2348 75.8410845149
2652 75.3744787939
2653 75.3744787939
1420 70.3762801256
4162 69.7781259055
1119 67.7427305838
639 67.5886936593
636 67.3159663866
4712 66.2451298701
4713 66.2451298701
4728 66.2451298701
664 63.6666666667
4190 59.8090509478
1161 53.0136848003
2221 52.6072618574
4201 51.79591702
4202 51.79591702
1483 51.2873639846
1488 51.004788227
2223 50.3943851716
4139 46.7526053799
3916 46.5
2817 46.1549556165
2819 46.1549556165
4140 46.1230925153
1128 45.3662186608
2834 45.0672228945
2835 44.9838895611
2836 44.9838895611
2008 44.306088325
2596 42.7795214579
1855 41.0716250121
401 40.8419387845
402 40.8419387845
403 40.8419387845
404 40.8419387845
406 40.8419387845
4307 40.5510285071
4312 38.2815479877
4319 38.2815479877
2238 37.0010132567
2239 37.0010132567
2009 33.4161909394
2010 33.4161909394
2011 33.4161909394
2028 33.4161909394
2646 32.6632562414
4144 32.6224322046
4143 32.5550936803
4138 31.6299299689
2344 30.2867746816
407 29.4542361276
342 26.2699679617
4942 26.196241423
4200 25.0398254686
2212 24.6779482092
4943 22.7331461849
351 20.8454763692
2018 20.7072530576
2017 20.0724184574
2356 18.6419644683
344 18.546858718
1112 18.1637933245
2355 17.6898964768
914 17.15
244 16.5709148972
352 16.4768866256
2237 15.6568959361
2038 15.5612596841
1206 14.5833333333
343 14.4359805785
2603 14.1081198779
1291 14.0761143745
355 12.657699092
4949 12.4530509712
1107 11.8458608861
2604 11.5169901201
2622 11.098654118
2822 11.0158099718
508 10.4722222222
5097 10.2
5105 10.2
5106 10.2
405 9.39455227435
408 9.39455227435
4304 9.29674296292
1297 9.2214142958
348 8.68975256769
506 8.25
507 8.25
2061 8.16071428571
1845 8.086827863
2698 7.72811209764
2702 7.72811209764
2610 7.39235444363
2046 7.38647651368
2035 6.48867295706
4606 6.39513806626
2756 6.34614444909
1067 6.34444444444
1068 6.34444444444
1083 6.34444444444
89 5.83326621943
2611 5.62307215762
2045 5.02098190628
2047 4.22980922099
1292 4.2094486573
4965 4.16666666667
1127 4.0
4401 3.9344176855
346 3.90814438299
2620 3.83654743949
4603 3.7106474739
4604 3.7106474739
1294 3.54758080048
4609 3.40594520125
1203 3.33333333333
2036 2.79588001867
2040 2.79588001867
340 2.76625216838
394 2.33333333333
396 2.33333333333
2970 2.33333333333
643 2.32243589744
913 2.08333333333
3988 2.02380952381
3370 2.0
3626 2.0
2758 1.81862206421
1487 1.81272265316
4306 1.80425554837
4308 1.80425554837
4309 1.80425554837
2609 1.66716590667
921 1.66666666667
4967 1.66666666667
95 1.625
2656 1.57428436838
2824 1.53421578422
2615 1.52500904393
666 1.5
2048 1.36835468453
629 1.32155205905
514 1.30555555556
515 1.30555555556
516 1.30555555556
517 1.30555555556
518 1.30555555556
519 1.30555555556
520 1.30555555556
1481 1.26704014939
4313 1.264878259
4410 1.18133753501
4607 1.12484024747
2349 1.06393606394
4413 1.05937297996
2765 1.03977591036
2032 1.02444442812
2039 1.02444442812
347 1.00858585859
725 1.0
1217 1.0
1221 1.0
1530 1.0
1531 1.0
4590 1.0
2043 0.934357717446
2832 0.909779637454
4314 0.83081232493
4315 0.83081232493
4316 0.83081232493
4317 0.83081232493
4320 0.83081232493
2613 0.758655179243
916 0.75
4318 0.705322128852
3552 0.7
5022 0.687373737374
2229 0.67677224736
662 0.666666666667
4500 0.655555555556
1293 0.645187744569
702 0.634693492782
4602 0.634622894776
644 0.625
2606 0.625
704 0.613860159448
98 0.6
918 0.566666666667
919 0.566666666667
922 0.566666666667
5023 0.555555555556
1676 0.5
2987 0.5
2988 0.5
3389 0.5
477 0.472222222222
4501 0.472222222222
2347 0.467171717172
1860 0.451923076923
5029 0.448484848485
5032 0.448484848485
409 0.40202020202
412 0.40202020202
1108 0.4
1842 0.368686868687
1843 0.368686868687
1844 0.368686868687
621 0.35608974359
521 0.333333333333
726 0.333333333333
730 0.333333333333
1659 0.333333333333
3997 0.291666666667
3998 0.267857142857
1109 0.25
1110 0.25
1333 0.25
3150 0.25
4207 0.222222222222
1520 0.2
1521 0.2
1724 0.2
1725 0.2
1728 0.2
1729 0.2
4294 0.2
4302 0.2
5034 0.2
5562 0.2
5565 0.2
2346 0.174242424242
1856 0.166666666667
2761 0.166666666667
1417 0.142857142857
4864 0.142857142857
654 0.125
655 0.125
4390 0.125
4392 0.125
4393 0.125
4635 0.125
4208 0.1
411 0.0909090909091
1425 0.0909090909091
5027 0.0833333333333
5037 0.0833333333333
5039 0.0833333333333
1858 0.0769230769231
1859 0.0769230769231
2230 0.0666666666667
2233 0.0666666666667
2234 0.0666666666667
2236 0.0666666666667
623 0.0625
2041 0.0588235294118
2617 0.0588235294118
2618 0.0588235294118
51 0.0
88 0.0
91 0.0
93 0.0
99 0.0
100 0.0
101 0.0
345 0.0
354 0.0
398 0.0
413 0.0
509 0.0
510 0.0
511 0.0
512 0.0
522 0.0
523 0.0
524 0.0
532 0.0
534 0.0
536 0.0
538 0.0
541 0.0
542 0.0
550 0.0
555 0.0
566 0.0
603 0.0
604 0.0
605 0.0
606 0.0
608 0.0
624 0.0
663 0.0
668 0.0
669 0.0
670 0.0
672 0.0
674 0.0
676 0.0
705 0.0
706 0.0
707 0.0
708 0.0
709 0.0
710 0.0
711 0.0
712 0.0
713 0.0
714 0.0
715 0.0
716 0.0
717 0.0
719 0.0
720 0.0
721 0.0
722 0.0
723 0.0
724 0.0
727 0.0
728 0.0
736 0.0
782 0.0
909 0.0
912 0.0
915 0.0
917 0.0
920 0.0
923 0.0
924 0.0
925 0.0
960 0.0
975 0.0
976 0.0
979 0.0
980 0.0
981 0.0
982 0.0
1078 0.0
1111 0.0
1114 0.0
1118 0.0
1120 0.0
1129 0.0
1130 0.0
1131 0.0
1135 0.0
1141 0.0
1142 0.0
1143 0.0
1144 0.0
1159 0.0
1160 0.0
1162 0.0
1198 0.0
1199 0.0
1200 0.0
1201 0.0
1202 0.0
1209 0.0
1210 0.0
1211 0.0
1212 0.0
1213 0.0
1218 0.0
1220 0.0
1222 0.0
1223 0.0
1224 0.0
1226 0.0
1229 0.0
1279 0.0
1334 0.0
1338 0.0
1340 0.0
1365 0.0
1372 0.0
1426 0.0
1428 0.0
1429 0.0
1435 0.0
1436 0.0
1437 0.0
1439 0.0
1440 0.0
1441 0.0
1443 0.0
1444 0.0
1445 0.0
1446 0.0
1447 0.0
1448 0.0
1449 0.0
1450 0.0
1478 0.0
1519 0.0
1523 0.0
1527 0.0
1529 0.0
1532 0.0
1541 0.0
1542 0.0
1544 0.0
1672 0.0
1674 0.0
1678 0.0
1721 0.0
1722 0.0
1730 0.0
1849 0.0
1850 0.0
1857 0.0
1887 0.0
1888 0.0
1895 0.0
1900 0.0
1902 0.0
2044 0.0
2064 0.0
2066 0.0
2068 0.0
2069 0.0
2130 0.0
2131 0.0
2147 0.0
2148 0.0
2151 0.0
2155 0.0
2159 0.0
2182 0.0
2210 0.0
2226 0.0
2240 0.0
2342 0.0
2350 0.0
2481 0.0
2523 0.0
2590 0.0
2597 0.0
2605 0.0
2647 0.0
2657 0.0
2689 0.0
2750 0.0
2971 0.0
2973 0.0
2976 0.0
2977 0.0
2978 0.0
2995 0.0
3005 0.0
3095 0.0
3099 0.0
3138 0.0
3139 0.0
3140 0.0
3141 0.0
3142 0.0
3143 0.0
3145 0.0
3146 0.0
3148 0.0
3149 0.0
3151 0.0
3153 0.0
3154 0.0
3158 0.0
3163 0.0
3166 0.0
3167 0.0
3170 0.0
3223 0.0
3230 0.0
3232 0.0
3236 0.0
3237 0.0
3371 0.0
3372 0.0
3373 0.0
3375 0.0
3377 0.0
3378 0.0
3379 0.0
3380 0.0
3381 0.0
3382 0.0
3383 0.0
3385 0.0
3391 0.0
3392 0.0
3393 0.0
3394 0.0
3397 0.0
3402 0.0
3407 0.0
3560 0.0
3573 0.0
3616 0.0
3620 0.0
3630 0.0
3673 0.0
3674 0.0
3675 0.0
3679 0.0
3682 0.0
3686 0.0
3687 0.0
3688 0.0
3690 0.0
3691 0.0
3768 0.0
3831 0.0
3835 0.0
3837 0.0
3842 0.0
3843 0.0
3847 0.0
3911 0.0
3912 0.0
3917 0.0
3922 0.0
4053 0.0
4055 0.0
4065 0.0
4160 0.0
4165 0.0
4166 0.0
4179 0.0
4180 0.0
4182 0.0
4183 0.0
4184 0.0
4185 0.0
4186 0.0
4187 0.0
4206 0.0
4234 0.0
4237 0.0
4238 0.0
4241 0.0
4244 0.0
4245 0.0
4246 0.0
4249 0.0
4252 0.0
4262 0.0
4263 0.0
4264 0.0
4265 0.0
4266 0.0
4267 0.0
4268 0.0
4273 0.0
4274 0.0
4356 0.0
4359 0.0
4360 0.0
4362 0.0
4363 0.0
4396 0.0
4404 0.0
4408 0.0
4465 0.0
4467 0.0
4468 0.0
4469 0.0
4470 0.0
4471 0.0
4473 0.0
4474 0.0
4475 0.0
4477 0.0
4518 0.0
4519 0.0
4520 0.0
4577 0.0
4578 0.0
4587 0.0
4588 0.0
4589 0.0
4591 0.0
4592 0.0
4605 0.0
4634 0.0
4636 0.0
4637 0.0
4723 0.0
4772 0.0
4773 0.0
4777 0.0
4778 0.0
4782 0.0
4856 0.0
4858 0.0
4859 0.0
4860 0.0
4861 0.0
4865 0.0
4869 0.0
4870 0.0
4955 0.0
4960 0.0
4961 0.0
4962 0.0
4963 0.0
4964 0.0
4966 0.0
4968 0.0
4969 0.0
4970 0.0
4971 0.0
4972 0.0
4973 0.0
4974 0.0
4975 0.0
4976 0.0
4978 0.0
5024 0.0
5025 0.0
5038 0.0
5041 0.0
5064 0.0
5065 0.0
5067 0.0
5070 0.0
5071 0.0
5073 0.0
5076 0.0
5077 0.0
5079 0.0
5080 0.0
5083 0.0
5099 0.0
5100 0.0
5101 0.0
5103 0.0
5104 0.0
5107 0.0
5108 0.0
5109 0.0
5110 0.0
5111 0.0
5112 0.0
5113 0.0
5114 0.0
5115 0.0
5222 0.0
5223 0.0
5230 0.0
5231 0.0
5233 0.0
5314 0.0
5356 0.0
5357 0.0
5358 0.0
5359 0.0
5360 0.0
5361 0.0
5374 0.0
5513 0.0
5523 0.0
5527 0.0
5534 0.0
5535 0.0
5537 0.0
5559 0.0
5560 0.0
5568 0.0
5570 0.0
5571 0.0
5574 0.0
5575 0.0
5576 0.0
5582 0.0
5583 0.0
5587 0.0
5588 0.0
5593 0.0
5594 0.0
5601 0.0
5602 0.0
5603 0.0
5606 0.0
5609 0.0
5611 0.0
5612 0.0
5614 0.0
5615 0.0
5616 0.0
