974 0.161962365591
4594 0.157739718556
973 0.155200171729
478 0.153568394223
3225 0.153015873016
4600 0.148353339489
1526 0.14833812064
232 0.147145619212
4466 0.146608536956
5563 0.146400728966
5567 0.146400728966
5566 0.146385908079
964 0.146356275304
965 0.146356275304
966 0.146356275304
967 0.146356275304
968 0.146356275304
969 0.146356275304
970 0.146356275304
971 0.146356275304
983 0.146356275304
4585 0.14629704573
4601 0.14629704573
451 0.145854347388
455 0.144831730769
473 0.144759235159
476 0.144759235159
4596 0.14429697635
245 0.144009560801
472 0.143680445151
461 0.142673902319
240 0.141197148716
2126 0.140853302162
479 0.140784733716
483 0.140252182347
607 0.139980638916
3218 0.139967089343
3219 0.139967089343
3220 0.139967089343
3238 0.139967089343
480 0.139845261122
2755 0.139791183295
463 0.139145496536
3221 0.138985005767
474 0.138904899135
1363 0.138878217441
1364 0.138878217441
243 0.138465958058
1515 0.137858709124
1534 0.137858709124
5040 0.136776390465
1438 0.136750520144
4598 0.135621834553
47 0.134925818793
977 0.134900643717
4599 0.134787472036
5334 0.133456391324
1516 0.132587566477
1517 0.132587566477
1518 0.132587566477
1522 0.132587566477
1525 0.132587566477
2213 0.132127192982
233 0.132066855421
462 0.131239789435
1514 0.131049483415
783 0.130918967859
468 0.130895265683
465 0.130883417813
453 0.130729590453
469 0.130682331676
251 0.130176449406
231 0.130164731299
239 0.130153015302
234 0.13011787996
247 0.130012587664
45 0.130000899038
235 0.12965121492
2214 0.129442305971
2823 0.129442305971
2840 0.129291845494
246 0.129153269025
4504 0.129130201822
2211 0.12911867131
2746 0.129107142857
459 0.128854036714
2826 0.128808123998
2510 0.128727855426
2831 0.128544759534
2591 0.128533333333
3222 0.128464818763
3574 0.128464818763
2830 0.128453406769
1671 0.12840777906
475 0.128350789988
4458 0.128180125875
4459 0.128180125875
4460 0.128180125875
4461 0.128180125875
4462 0.128180125875
4463 0.128180125875
4464 0.128180125875
4478 0.128180125875
2593 0.128077945084
5579 0.127930637884
5562 0.127851458886
5565 0.127851458886
5568 0.127840155601
980 0.127783669141
982 0.127783669141
975 0.127772377839
976 0.127772377839
979 0.127772377839
981 0.127772377839
3567 0.127715951245
2592 0.12769339456
3568 0.127682119205
4590 0.127682119205
2601 0.127670845841
4587 0.127659574468
4588 0.127659574468
4589 0.127659574468
4591 0.127648305085
4592 0.127648305085
2691 0.127355997886
2595 0.127322356256
238 0.127243928194
2694 0.127210345738
477 0.127154414351
2695 0.126487053884
2754 0.12625512966
2506 0.126244106862
1280 0.126222067039
1533 0.12592528085
1661 0.125914315569
1660 0.125903352199
1662 0.125903352199
1663 0.125903352199
1528 0.125881431183
1523 0.125826662026
1416 0.12564080285
249 0.125444608311
3223 0.125227331774
2485 0.124848903471
1282 0.124708926261
1283 0.124698171783
2690 0.124344311635
2128 0.124301555919
2129 0.124301555919
2143 0.124301555919
2224 0.124194795156
44 0.124152142183
236 0.124098867147
237 0.124066924067
241 0.124066924067
248 0.124034997427
242 0.124003087214
1284 0.124003087214
1291 0.124003087214
244 0.123981822859
43 0.123928693864
61 0.123928693864
1287 0.123928693864
1286 0.123918073528
1295 0.123896838317
1297 0.123886223441
1418 0.123886223441
3231 0.123886223441
3233 0.123886223441
3235 0.123886223441
1294 0.123864999143
1285 0.123801369863
1289 0.123801369863
1292 0.123769579731
1293 0.123769579731
3229 0.123442035172
3230 0.123137188112
46 0.123063829787
600 0.122938275803
601 0.122938275803
602 0.122938275803
620 0.122938275803
3232 0.122823409496
3236 0.122823409496
3237 0.122823409496
1365 0.122740005093
1219 0.122573535645
59 0.122438611346
1290 0.122407517142
1524 0.122210953347
1279 0.122159330912
53 0.12201501983
1372 0.121994431789
41 0.121973850696
1530 0.121247694114
1531 0.121247694114
1527 0.121227364185
1529 0.121227364185
1520 0.121217201777
1521 0.121217201777
1519 0.121207041073
1532 0.121176569178
52 0.120721322424
5028 0.120640747539
5031 0.120640747539
5033 0.120640747539
5035 0.120640747539
5042 0.120640747539
1431 0.12063068324
1432 0.12063068324
1433 0.12063068324
1434 0.12063068324
1451 0.12063068324
5026 0.12063068324
5030 0.12063068324
5036 0.12063068324
4177 0.119821014253
57 0.119781312127
58 0.119771390707
4570 0.119523888246
2220 0.119336469423
2219 0.119326621555
2221 0.119297087699
2216 0.119277406583
1147 0.119238063825
1148 0.119238063825
1149 0.119238063825
1150 0.119238063825
1151 0.119238063825
1152 0.119238063825
1153 0.119238063825
1157 0.119238063825
1164 0.119238063825
1341 0.11922823219
2222 0.119218402177
2223 0.119208573784
4357 0.119208573784
4347 0.11918892186
1673 0.119159456119
449 0.119031939414
1336 0.118982967169
781 0.118592635119
445 0.118524590164
767 0.11848574238
2649 0.117963778757
2984 0.117963778757
5314 0.117752442997
2070 0.117733268197
3168 0.117513206014
2215 0.117132442284
2218 0.116820164809
3551 0.116547110502
3561 0.116537717602
2212 0.116472009666
399 0.116284680338
400 0.116284680338
419 0.116284680338
2504 0.116284680338
782 0.116088631985
1897 0.116088631985
2013 0.116014120668
2825 0.116014120668
2015 0.115995507781
2507 0.115995507781
2514 0.115976900866
4506 0.115949001684
4507 0.115949001684
4509 0.115939704939
2688 0.115828260173
2025 0.115818982779
4521 0.115717029449
2696 0.115707769865
2697 0.115652243462
2699 0.115652243462
2700 0.115652243462
2837 0.115633746501
2687 0.11562450024
4133 0.115606012152
4135 0.115596770325
2014 0.115569053708
2752 0.115569053708
4134 0.115550583347
2820 0.115485983548
2821 0.115485983548
2833 0.115458320026
2827 0.115439885039
2834 0.115430669753
2835 0.115421455939
2836 0.115421455939
3550 0.115393823318
4512 0.115393823318
2818 0.115384615385
2838 0.115384615385
2505 0.115347798341
2513 0.115338597751
4505 0.115329398628
4137 0.115301810063
4136 0.115274234694
2024 0.115255858441
4142 0.115255858441
4503 0.115255858441
2828 0.115228305044
4517 0.115219123506
2524 0.115209943431
2016 0.115191587668
4508 0.115191587668
2684 0.115173237754
2685 0.115173237754
4145 0.115173237754
2063 0.115109059067
4513 0.115008351229
4514 0.115008351229
4515 0.115008351229
4522 0.114971773873
4523 0.114944356121
4524 0.114926084883
4525 0.114916951442
4606 0.114916951442
4608 0.114907819453
4609 0.114907819453
4611 0.114907819453
2026 0.114834815756
4610 0.114807463279
4607 0.114789235532
4518 0.114761904762
4519 0.114761904762
4520 0.114761904762
3559 0.114679990483
4141 0.114679990483
2817 0.114670896114
2819 0.114670896114
1668 0.114634533059
1679 0.114634533059
3157 0.114489311164
4063 0.114353499407
2587 0.114199968409
2589 0.114199968409
2588 0.114190950012
2598 0.114190950012
2599 0.114190950012
2600 0.114190950012
2607 0.114190950012
4146 0.114145879381
2603 0.114136869524
2604 0.114109848485
2605 0.114082840237
3096 0.114019870683
3113 0.114019870683
1664 0.113885169725
1665 0.113885169725
1666 0.113885169725
1667 0.113885169725
1659 0.113876200977
1674 0.11386723364
1672 0.113858267717
1678 0.113858267717
2019 0.113840340104
2501 0.113840340104
2594 0.113688183033
2606 0.113688183033
4465 0.113688183033
4467 0.113688183033
4468 0.113688183033
4469 0.113688183033
4470 0.113688183033
4471 0.113688183033
4473 0.113688183033
4474 0.113688183033
4475 0.113688183033
4477 0.113688183033
4500 0.113670308938
2022 0.113652440462
2023 0.113652440462
2027 0.11360779384
2703 0.113536432161
4132 0.113491876619
5559 0.113465160075
5560 0.113465160075
5574 0.113465160075
5575 0.113465160075
5576 0.113465160075
5570 0.113429557578
5571 0.113429557578
2012 0.113411764706
49 0.113393977415
2144 0.11328737073
42 0.113243010416
3165 0.113198684829
513 0.113189823875
2020 0.113118986153
2021 0.113118986153
2596 0.113065916022
48 0.112564222326
54 0.112546699875
1332 0.112537940696
1339 0.112529182879
55 0.112415455182
1420 0.112389242966
1337 0.11227579781
2067 0.112232226017
1236 0.112179984484
2482 0.112162581446
2750 0.112101713311
3156 0.111591294953
3175 0.111591294953
718 0.111179455636
1425 0.111025798526
1417 0.110966157624
3991 0.110957642726
1426 0.110906580764
1429 0.110906580764
1428 0.110889570552
60 0.110736713126
50 0.110719754977
51 0.110618115055
2130 0.110584276537
2131 0.110584276537
2210 0.110508215514
3006 0.11037325395
1163 0.10985337689
1161 0.109786652494
1126 0.109562054857
604 0.109520563508
605 0.109520563508
603 0.109512269009
606 0.109512269009
608 0.109512269009
1335 0.109437675017
4168 0.10840392833
4169 0.10840392833
4170 0.10840392833
4171 0.10840392833
4172 0.10840392833
4173 0.10840392833
4174 0.10840392833
4175 0.10840392833
4176 0.10840392833
4188 0.10840392833
4958 0.107886294113
4311 0.107765687882
5022 0.107765687882
5029 0.107765687882
5032 0.107765687882
5023 0.107749627422
5027 0.107749627422
5034 0.107749627422
5037 0.107749627422
5039 0.107749627422
5024 0.107725545705
5025 0.107725545705
5038 0.107717520858
1440 0.107693453489
1441 0.107693453489
5041 0.107693453489
1435 0.107685433423
1436 0.107685433423
1437 0.107685433423
1439 0.107685433423
1443 0.107685433423
1444 0.107685433423
1445 0.107685433423
1446 0.107685433423
1447 0.107685433423
1448 0.107685433423
1449 0.107685433423
1450 0.107685433423
4946 0.107685433423
4945 0.107637338097
4322 0.107621315868
4944 0.107621315868
4947 0.107621315868
4205 0.107517287531
2659 0.107493309545
4957 0.107493309545
4321 0.107477330162
4197 0.107437402482
2643 0.107373579862
2644 0.107373579862
2645 0.107373579862
2662 0.107373579862
4310 0.107349665924
4956 0.107309833024
4568 0.107277987981
4569 0.107277987981
4584 0.107277987981
90 0.107222304612
2661 0.107206405694
1854 0.107158737217
2061 0.107023906447
2056 0.107008066307
2068 0.106960574007
2066 0.106944752607
5499 0.106810459447
1159 0.106684373617
1160 0.106684373617
1162 0.106684373617
4204 0.106637168142
4345 0.106637168142
4346 0.106637168142
4365 0.106637168142
4361 0.106629304624
4364 0.106629304624
3993 0.10631571208
410 0.106206390011
3100 0.106066162987
4181 0.105949589683
2655 0.105841018884
2650 0.105810039514
2654 0.105802297505
2989 0.105663134819
2652 0.105647694893
2653 0.105647694893
2651 0.105639976622
3556 0.105639976622
2974 0.105609114812
2985 0.105609114812
2646 0.105447385692
2064 0.105339841189
2069 0.105339841189
401 0.105224858099
402 0.105224858099
403 0.105224858099
404 0.105224858099
406 0.105224858099
407 0.105217201484
405 0.105194238324
408 0.105194238324
3169 0.104850989776
1074 0.104752245726
3553 0.104744657733
3554 0.104744657733
3555 0.104744657733
4138 0.104699152849
4139 0.104608261593
4140 0.104608261593
2008 0.104570436795
2009 0.104555314534
2010 0.104555314534
2011 0.104555314534
2028 0.104555314534
2017 0.104540196645
2698 0.104540196645
2702 0.104540196645
1070 0.104494869201
1071 0.104494869201
4143 0.104494869201
4144 0.104494869201
1073 0.104472220215
1077 0.104457126345
3552 0.104449581046
1079 0.104442036836
2018 0.10440433213
3560 0.104396794455
409 0.104268820306
412 0.104268820306
411 0.104261302185
413 0.104253785148
4501 0.104208705679
1883 0.104178674352
1884 0.104178674352
1885 0.104178674352
1886 0.104178674352
1889 0.104178674352
1890 0.104178674352
1891 0.104178674352
1892 0.104178674352
1903 0.104178674352
2822 0.104171169224
1894 0.104163665178
1899 0.104163665178
1901 0.104163665178
2824 0.104156162213
3097 0.103976414755
2832 0.103924105218
3095 0.103894237678
4602 0.103760045924
4603 0.103655913978
4604 0.103655913978
3573 0.103463079565
4605 0.103344768439
2523 0.103315232924
3107 0.103153088886
4048 0.102998789088
4049 0.102998789088
4050 0.102998789088
4068 0.102998789088
1676 0.102888857265
2590 0.102567740105
2597 0.102567740105
1626 0.102451466629
1627 0.102451466629
1628 0.102451466629
1629 0.102451466629
1630 0.102451466629
1631 0.102451466629
1632 0.102451466629
1633 0.102451466629
3099 0.102444208289
3995 0.102335456476
2481 0.102219708752
1145 0.102032176122
1132 0.102003386005
3376 0.101988997038
1133 0.101981804076
1134 0.101981804076
1340 0.10197461213
2689 0.101967421197
525 0.101945854484
3152 0.101938667607
4005 0.101881209047
3985 0.101874031281
3987 0.101874031281
5599 0.101874031281
4770 0.101773648649
4788 0.101773648649
4775 0.101745004222
3386 0.101594885126
3990 0.101395414066
1128 0.101345668629
637 0.101281781887
1333 0.10121797564
1334 0.10121797564
1338 0.10121089102
677 0.101196724753
627 0.101189643107
5605 0.101168404114
5610 0.101168404114
3989 0.101111810363
3994 0.101111810363
3996 0.101111810363
927 0.101097671817
537 0.1009988126
1217 0.100893106335
1221 0.100893106335
1222 0.100886067118
1218 0.100879028882
1223 0.100879028882
1220 0.100871991629
1224 0.100871991629
1226 0.100871991629
1229 0.100871991629
3992 0.100871991629
2990 0.100479466333
3172 0.100444567936
3167 0.100416666667
3158 0.100402721844
3163 0.100402721844
3166 0.100402721844
3170 0.100402721844
4866 0.100270438943
705 0.100187071295
706 0.100187071295
707 0.100187071295
708 0.100187071295
709 0.100187071295
710 0.100187071295
711 0.100187071295
712 0.100187071295
713 0.100187071295
714 0.100187071295
715 0.100187071295
716 0.100187071295
717 0.100187071295
719 0.100187071295
720 0.100187071295
721 0.100187071295
722 0.100187071295
723 0.100187071295
724 0.100187071295
5613 0.100131569836
2991 0.0999032748376
2992 0.0999032748376
2993 0.0999032748376
2994 0.0999032748376
2996 0.0999032748376
2997 0.0999032748376
2998 0.0999032748376
2999 0.0999032748376
3000 0.0999032748376
3001 0.0999032748376
3002 0.0999032748376
3003 0.0999032748376
3004 0.0999032748376
3010 0.0999032748376
3769 0.0995045417011
1536 0.0990546650226
1537 0.0990546650226
1538 0.0990546650226
1539 0.0990546650226
1554 0.0990546650226
4191 0.0982003395586
4193 0.0982003395586
4194 0.0982003395586
4199 0.0982003395586
4209 0.0982003395586
4195 0.098193671058
4196 0.098193671058
4203 0.098187003463
4189 0.0981803367735
4305 0.0978878960195
4179 0.0978812698842
4180 0.0978812698842
4182 0.0978812698842
4184 0.0978812698842
4185 0.0978812698842
4186 0.0978812698842
4183 0.0978680203046
4187 0.0978680203046
4571 0.0978680203046
4953 0.0978613968598
4152 0.0978150578367
4307 0.0977027027027
4312 0.0976961016148
4319 0.0976961016148
4942 0.0976895014187
4943 0.0976829021144
4712 0.0976433250051
4713 0.0976433250051
4728 0.0976433250051
4949 0.0976235484742
4323 0.0975379426644
4304 0.0975116326118
4306 0.0975050573163
4308 0.0975050573163
4309 0.0975050573163
4313 0.0974984829074
4955 0.0974984829074
4314 0.0974919093851
4315 0.0974919093851
4316 0.0974919093851
4317 0.0974919093851
4320 0.0974919093851
4318 0.0974853367491
82 0.097459055065
1862 0.097432787548
102 0.0973999730567
94 0.0973475158207
1847 0.0973278589217
1848 0.0973278589217
1851 0.0973213083861
2656 0.0973213083861
96 0.0973016620685
97 0.0973016620685
1853 0.0972689358267
4192 0.0972493106463
4190 0.0972296933835
4201 0.0972231560546
4202 0.0972231560546
4207 0.0971970155273
4208 0.0971904825917
4200 0.0971447766208
4573 0.0970339551738
4579 0.0970339551738
5515 0.0970274441388
2647 0.0970079162753
2657 0.0970014087342
4577 0.0969039002815
4578 0.0969039002815
4356 0.0963935737617
4359 0.0963935737617
4360 0.0963935737617
4362 0.0963935737617
4363 0.0963935737617
4235 0.0960223122385
5235 0.095990440786
4723 0.09592039801
2970 0.0955969853233
2971 0.0955843469064
2987 0.0955843469064
2988 0.0955843469064
2973 0.095578028951
2977 0.095578028951
2976 0.0955717118308
2978 0.0955717118308
1067 0.094925490711
1068 0.094925490711
1083 0.094925490711
1078 0.0948756643265
5517 0.0944295696467
1895 0.0944234034217
1900 0.0944234034217
1902 0.0944234034217
1887 0.0944049095776
1888 0.0944049095776
4239 0.0943187006718
3914 0.0941528844902
3915 0.0941528844902
1637 0.0941344964521
1618 0.0941222417497
1619 0.0941161155949
1621 0.0941161155949
1623 0.0940977419145
1624 0.0940977419145
1622 0.0940548978795
4067 0.0936467845347
4053 0.0934048188102
4055 0.0934048188102
4065 0.0934048188102
3384 0.093326448948
3390 0.0931520968885
5600 0.092781520693
3136 0.0926923076923
3137 0.0926923076923
3155 0.0926923076923
3371 0.0926923076923
3988 0.0926507336452
1127 0.0926269937864
3998 0.0926210607225
5612 0.0926210607225
1143 0.0926151284186
5601 0.0926151284186
5603 0.0926151284186
5606 0.0926151284186
1131 0.0926091968746
1135 0.0926091968746
508 0.0926032660903
1129 0.0926032660903
1130 0.0926032660903
1144 0.0926032660903
506 0.0925973360656
507 0.0925973360656
514 0.0925973360656
515 0.0925973360656
516 0.0925973360656
517 0.0925973360656
518 0.0925973360656
519 0.0925973360656
520 0.0925973360656
1141 0.0925973360656
1142 0.0925914068003
521 0.0925854782943
522 0.0925795505474
523 0.0925795505474
524 0.0925795505474
509 0.092544
510 0.092544
511 0.092538077563
512 0.092538077563
3997 0.0925143953935
5604 0.0924079754601
4778 0.092390262603
4772 0.0923843598262
4773 0.0923843598262
4777 0.0923843598262
4782 0.0923843598262
641 0.0922076265782
628 0.0922017471147
632 0.0922017471147
633 0.0922017471147
635 0.0922017471147
631 0.0921782367565
703 0.092166486073
678 0.0921547383851
625 0.0921312519911
634 0.0921312519911
630 0.092125382263
700 0.092125382263
626 0.0921195132828
640 0.0921195132828
5470 0.0921195132828
701 0.0921136450503
622 0.0920960448379
386 0.092090179595
5611 0.092090179595
5616 0.092090179595
639 0.092084315099
5602 0.092084315099
5609 0.092084315099
5614 0.092084315099
5615 0.092084315099
636 0.0920667260919
671 0.0920432845321
928 0.0919964372058
526 0.0918211836424
546 0.0918211836424
535 0.0918095238095
2995 0.09139173303
3005 0.09139173303
4852 0.0912705926908
4853 0.0912705926908
4854 0.0912705926908
4871 0.0912705926908
4867 0.0912648321131
4868 0.0912648321131
5580 0.0910006293266
5598 0.0910006293266
5581 0.0909090909091
5098 0.0908291457286
5584 0.0907721280603
3787 0.0906298965841
5116 0.0906242165956
5097 0.0906071809011
5105 0.0906071809011
5106 0.0906071809011
3396 0.0905958273291
3767 0.0905731287191
4261 0.0905731287191
5099 0.0905731287191
5100 0.0905731287191
5101 0.0905731287191
5103 0.0905731287191
5104 0.0905731287191
4243 0.0905617836788
4247 0.0905617836788
5107 0.0905447714465
5108 0.0905447714465
5109 0.0905447714465
5110 0.0905447714465
5111 0.0905447714465
5113 0.0905447714465
1541 0.0901664899919
1542 0.0901664899919
1544 0.0901664899919
4206 0.0894912736725
5521 0.0894746612215
3628 0.089375115891
3848 0.0893033596838
4147 0.0892207071019
4148 0.0892207071019
4149 0.0892207071019
4150 0.0892207071019
4167 0.0892207071019
1125 0.0891437026077
1106 0.0891327128151
1113 0.0890613451589
1115 0.0890613451589
1116 0.0890613451589
1117 0.0890613451589
1122 0.0890613451589
1123 0.0890613451589
1852 0.0890613451589
2227 0.089039408867
2232 0.0890339264824
2616 0.0890339264824
2619 0.0890339264824
92 0.0890229637382
1121 0.0890229637382
349 0.0890120036934
1855 0.0890120036934
2238 0.089006524683
2239 0.089006524683
336 0.089001046347
2241 0.089001046347
2225 0.0889955686854
339 0.088990091698
89 0.0889846153846
2237 0.0889791397452
95 0.0889408291303
1846 0.0889408291303
2235 0.0889408291303
1845 0.0889353588782
4162 0.0889244203923
98 0.0889080177078
1858 0.0889080177078
1859 0.0889080177078
91 0.0889025514909
93 0.0889025514909
88 0.0888970859461
99 0.0888970859461
100 0.0888970859461
101 0.0888970859461
5513 0.0888861568724
1842 0.0888533857687
1843 0.0888533857687
1844 0.0888533857687
1856 0.0888479262673
1860 0.0888479262673
1849 0.0888151833425
1850 0.0888097285346
1857 0.0888097285346
5516 0.0878333232096
5518 0.0878333232096
5519 0.0878333232096
5520 0.0878333232096
5536 0.0878333232096
4231 0.0877320713506
4232 0.0877320713506
4233 0.0877320713506
4242 0.0877320713506
5221 0.0876469875136
5241 0.0876469875136
1620 0.0868781542898
2354 0.0868729348153
3924 0.0865868263473
1617 0.0865764579092
2352 0.0865557284808
2340 0.0865453674886
2341 0.0865453674886
2353 0.0865298306505
1634 0.086524652944
2343 0.086524652944
2351 0.086524652944
2348 0.0864987737034
1635 0.0864935997129
1636 0.0864935997129
1625 0.0861586128821
652 0.0858924858925
4959 0.0858262108262
4272 0.085663507109
3388 0.0852996696555
3370 0.0852443553617
3373 0.0852393303466
3377 0.0852393303466
3378 0.0852393303466
3379 0.0852393303466
3389 0.0852292820936
3372 0.0852242588554
3375 0.0852192362093
3380 0.0852192362093
3381 0.0852192362093
3382 0.0852192362093
3383 0.0852192362093
3385 0.0852192362093
3150 0.0848541752245
3139 0.0848491961037
3151 0.0848491961037
3138 0.0848442175673
3140 0.0848442175673
3141 0.0848442175673
3142 0.0848442175673
3143 0.0848442175673
3145 0.0848442175673
3146 0.0848442175673
3148 0.0848442175673
3149 0.0848442175673
3153 0.0848442175673
3154 0.0848442175673
3899 0.0848143586134
3901 0.0848143586134
5473 0.0848143586134
3905 0.0848093841642
5472 0.0848093841642
5474 0.0848093841642
5477 0.0848093841642
3904 0.0847944643171
702 0.0845119812975
704 0.0845119812975
629 0.0845070422535
621 0.0845021037868
623 0.0844971658973
665 0.0844872918493
664 0.0844823556906
624 0.0844280959888
662 0.0844034555218
666 0.0844034555218
668 0.0843985291543
669 0.0843985291543
672 0.0843985291543
676 0.0843985291543
4295 0.0843985291543
663 0.0843886781441
670 0.0843886781441
674 0.0843886781441
394 0.08437390594
396 0.08437390594
398 0.0843394575678
914 0.0843050373134
913 0.0842804686134
918 0.0842804686134
919 0.0842804686134
922 0.0842804686134
916 0.0842755565917
921 0.0842706451425
923 0.0842706451425
915 0.0842608239613
917 0.0842608239613
920 0.0842608239613
909 0.0842559142291
912 0.0842559142291
924 0.084251005069
925 0.084251005069
532 0.0841137804665
534 0.0841137804665
536 0.0841137804665
541 0.0841137804665
538 0.0841088878548
542 0.0841088878548
3895 0.0839039108739
3894 0.0838747099768
4864 0.083675713211
4858 0.0836708714269
4865 0.0836708714269
4869 0.0836708714269
4870 0.0836708714269
4859 0.0836660302031
4860 0.0836660302031
4861 0.0836660302031
4856 0.0836563494359
5586 0.0836369946209
5596 0.0836224843858
5582 0.0834294945765
5583 0.0834294945765
5587 0.0834246812439
5588 0.0834198684666
5593 0.0834198684666
5594 0.0834198684666
4236 0.0832086546208
3411 0.083141674333
3768 0.0831082246106
5112 0.0830986724901
5114 0.0830986724901
5115 0.0830986724901
4244 0.0830700292986
4246 0.0830700292986
4245 0.0830652573529
4249 0.0830557151063
4252 0.0830557151063
3629 0.0825955332153
3626 0.0825908156271
5535 0.0821684282305
356 0.0820378985589
1124 0.0820239378297
341 0.0820192853091
338 0.0820099818512
342 0.0820099818512
344 0.0820006805036
351 0.0819960306209
350 0.0819913812656
1107 0.0819913812656
337 0.0819867324375
352 0.0819867324375
3831 0.0819867324375
3835 0.0819867324375
3837 0.0819867324375
3842 0.0819867324375
3843 0.0819867324375
3847 0.0819867324375
343 0.0819820841365
1119 0.0819774363626
355 0.0819495607821
346 0.0819402731342
340 0.0819356300997
2608 0.0819356300997
2614 0.0819356300997
2624 0.0819356300997
4160 0.0819356300997
4165 0.0819356300997
4166 0.0819356300997
1112 0.0819309875914
2621 0.0819309875914
2623 0.0819309875914
348 0.0819217041527
353 0.0819217041527
1108 0.0819217041527
2622 0.0819124228177
2610 0.0819031435854
2609 0.0818985047576
2612 0.0818985047576
2615 0.0818938664552
1114 0.0818892286782
1120 0.0818892286782
354 0.0818845914265
1118 0.0818845914265
1109 0.0818706828219
1110 0.0818706828219
1111 0.0818660476703
2611 0.0818428797827
2229 0.0818382477786
2230 0.0818336162988
2620 0.0818336162988
2613 0.0818243549117
2233 0.0817965833239
5537 0.0817919565586
2234 0.0817827045982
2236 0.0817827045982
2226 0.0817364761743
2240 0.0817364761743
5523 0.080764075067
5527 0.080764075067
5534 0.080764075067
4234 0.0806784578475
4238 0.0806784578475
4237 0.0806739567061
4241 0.0806739567061
5222 0.0805975140739
5233 0.0805975140739
5223 0.0805930219596
5230 0.0805930219596
5231 0.0805930219596
4405 0.080561591175
2345 0.0803065644785
2771 0.0800930541708
2344 0.0800575794486
2355 0.0800531473177
2349 0.0800354237007
2356 0.0800354237007
2347 0.0800221361372
3916 0.0799027463115
2350 0.0797133406836
2342 0.079704552971
2346 0.079704552971
3917 0.0796957671958
3922 0.0796957671958
3911 0.0796913750344
3912 0.0796913750344
657 0.0794156414763
1197 0.0794069192751
1208 0.0793981989897
1205 0.0793328578482
4979 0.0792024976721
2149 0.0791808126164
4282 0.0789861801497
5367 0.078659631181
3625 0.0786040443575
735 0.077980909238
737 0.077980909238
4292 0.0778591427956
4303 0.0778591427956
4284 0.0778549507349
4287 0.0778549507349
4294 0.0778549507349
784 0.0772807439474
785 0.0772807439474
786 0.0772807439474
787 0.0772807439474
788 0.0772807439474
789 0.0772807439474
790 0.0772807439474
791 0.0772807439474
792 0.0772807439474
793 0.0772807439474
794 0.0772807439474
795 0.0772807439474
796 0.0772807439474
797 0.0772807439474
798 0.0772807439474
799 0.0772807439474
800 0.0772807439474
801 0.0772807439474
802 0.0772807439474
803 0.0772807439474
3391 0.0767801200021
3392 0.0767801200021
3393 0.0767801200021
3394 0.0767801200021
3407 0.0767801200021
3397 0.0767638158943
3402 0.0767638158943
3616 0.0763020421086
3620 0.0763020421086
347 0.075897543565
345 0.0758656873033
2617 0.0757623388871
2618 0.0757623388871
4387 0.075038920602
4388 0.075038920602
4397 0.075038920602
4402 0.075038920602
4407 0.075038920602
4389 0.0750350267241
4391 0.0750350267241
4406 0.0748331004502
2033 0.0743444730077
5068 0.0742948158043
2774 0.0742719194617
649 0.0737190925312
963 0.0737040623885
1215 0.0736965496152
1206 0.0736477538963
561 0.0736402525973
1203 0.0736402525973
1198 0.0736327528262
1202 0.0736327528262
643 0.0736140100799
644 0.0735915313756
654 0.0735840415246
655 0.0735840415246
2145 0.0734233776785
2146 0.0734233776785
2150 0.0734233776785
2165 0.0734233776785
4965 0.0734159220146
4967 0.0734121947505
4962 0.0734047413574
4968 0.0734047413574
4966 0.0734010152284
4973 0.0734010152284
4960 0.0733972894777
4961 0.0733935641052
4963 0.0733935641052
4964 0.0733935641052
4969 0.0733935641052
4970 0.0733935641052
4971 0.0733935641052
4972 0.0733935641052
4974 0.0733935641052
4975 0.0733935641052
4976 0.0733935641052
4978 0.0733935641052
4264 0.0732226048207
4265 0.0732226048207
4266 0.0732226048207
4267 0.0732226048207
4268 0.0732226048207
4262 0.0732114829629
4263 0.0732114829629
4273 0.0732077764277
4274 0.0732077764277
5356 0.07294924831
5357 0.07294924831
5358 0.07294924831
5359 0.07294924831
5360 0.07294924831
5361 0.07294924831
5374 0.07294924831
745 0.0723904881101
729 0.0723759947945
736 0.0723723723724
4302 0.0722494254022
3630 0.0718081144162
4408 0.0718081144162
4399 0.0700988947062
4398 0.0700208222362
4400 0.0699970955562
4401 0.0699395405079
4394 0.0699361578642
4395 0.0699361578642
4633 0.0699361578642
4390 0.0699327755477
4392 0.0699327755477
4393 0.0699327755477
4635 0.0699327755477
4403 0.0699293935584
4636 0.0699293935584
4637 0.0699293935584
4396 0.0698314579611
4404 0.0698314579611
2029 0.0692727795343
2035 0.0692727795343
2038 0.0692727795343
2049 0.0692727795343
2030 0.0692694610778
2031 0.0692694610778
2034 0.0692694610778
2037 0.0692694610778
2042 0.0692694610778
2032 0.0692661429393
2036 0.0692661429393
2039 0.0692661429393
2040 0.0692661429393
2046 0.0692661429393
2048 0.0692661429393
2043 0.0692628251186
2045 0.0692595076157
2041 0.0692561904306
2756 0.0692528735632
5084 0.0692528735632
2047 0.0692495570136
5069 0.0692462407815
5074 0.0692462407815
5075 0.0692462407815
5078 0.0692462407815
5082 0.0692462407815
5072 0.0692429248671
2758 0.0692296643845
2765 0.0692230360477
2761 0.069209783181
3685 0.0687393040502
1209 0.0686544487703
1210 0.0686544487703
1211 0.0686544487703
1212 0.0686544487703
1213 0.0686544487703
960 0.0686479301177
1199 0.0686414127029
1200 0.0686414127029
1201 0.0686414127029
567 0.0686120996441
2147 0.0684173172463
2148 0.0684173172463
2151 0.0684140802422
2155 0.0684140802422
2159 0.0684140802422
725 0.0675164588878
726 0.0675164588878
730 0.0675164588878
727 0.0675133065646
728 0.0675070028011
1486 0.0656526674234
1489 0.0656496867339
1474 0.065646706315
1476 0.065640746289
1484 0.065640746289
4409 0.0656347873451
4415 0.0656347873451
1732 0.0655931050125
4634 0.0653766163306
2044 0.0648052704701
5071 0.0647907518595
5073 0.0647907518595
5079 0.0647907518595
5080 0.0647907518595
5067 0.064787848918
5070 0.064787848918
5076 0.064787848918
5077 0.064787848918
5083 0.0647849462366
5064 0.0647704367301
5065 0.0647704367301
3693 0.0643811219947
3689 0.0643667927888
550 0.0642095914742
555 0.0642095914742
566 0.0642095914742
1479 0.0617131151039
1491 0.061710481393
1493 0.061710481393
1473 0.0617078479068
1480 0.0617078479068
1485 0.0617078479068
1487 0.0617052146454
1492 0.0617052146454
4412 0.0617052146454
4414 0.0617052146454
1483 0.0616999487967
1490 0.0616999487967
4410 0.0616999487967
1475 0.0616973162094
1477 0.0616973162094
1488 0.0616973162094
4413 0.0616894197952
1723 0.0616079417153
1726 0.0616079417153
1727 0.0616079417153
1731 0.0616079417153
1733 0.0616079417153
1741 0.0616079417153
2182 0.061558109834
3686 0.0604919678715
3687 0.0604919678715
3688 0.0604919678715
3690 0.0604919678715
3691 0.0604919678715
3673 0.0604894373562
3674 0.0604894373562
3675 0.0604894373562
3679 0.0604894373562
3682 0.0604894373562
1481 0.0581610489904
1478 0.0581446781133
1724 0.0580606303955
1725 0.0580606303955
1728 0.0580606303955
1729 0.0580606303955
1721 0.058058299205
1730 0.058058299205
1722 0.0580559682017
