2504 0.0242047026279
2823 0.0242047026279
4152 0.0228215767635
2691 0.0221300138313
2825 0.0221300138313
4135 0.0221300138313
3769 0.021438450899
4133 0.021438450899
4134 0.021438450899
4311 0.021438450899
2694 0.0207468879668
1862 0.0200553250346
235 0.0186721991701
4305 0.0186721991701
463 0.0179806362379
1617 0.0179806362379
1637 0.0179806362379
1852 0.0179806362379
2752 0.0179806362379
4504 0.0179806362379
4513 0.0179806362379
4514 0.0179806362379
4515 0.0179806362379
1479 0.0172890733057
1486 0.0172890733057
2033 0.0172890733057
2616 0.0172890733057
2828 0.0172890733057
2833 0.0172890733057
4323 0.0172890733057
49 0.0165975103734
82 0.0165975103734
641 0.0165975103734
718 0.0165975103734
1484 0.0165975103734
1489 0.0165975103734
1491 0.0165975103734
1493 0.0165975103734
1618 0.0165975103734
2649 0.0165975103734
4387 0.0165975103734
4388 0.0165975103734
4397 0.0165975103734
4402 0.0165975103734
4407 0.0165975103734
44 0.0159059474412
48 0.0159059474412
628 0.0159059474412
632 0.0159059474412
633 0.0159059474412
635 0.0159059474412
784 0.0159059474412
785 0.0159059474412
786 0.0159059474412
787 0.0159059474412
788 0.0159059474412
789 0.0159059474412
790 0.0159059474412
791 0.0159059474412
792 0.0159059474412
793 0.0159059474412
794 0.0159059474412
795 0.0159059474412
796 0.0159059474412
797 0.0159059474412
798 0.0159059474412
799 0.0159059474412
800 0.0159059474412
801 0.0159059474412
802 0.0159059474412
803 0.0159059474412
1125 0.0159059474412
1473 0.0159059474412
1474 0.0159059474412
1480 0.0159059474412
1485 0.0159059474412
1619 0.0159059474412
1621 0.0159059474412
1847 0.0159059474412
1848 0.0159059474412
2023 0.0159059474412
2827 0.0159059474412
4389 0.0159059474412
4391 0.0159059474412
4946 0.0159059474412
5586 0.0159059474412
236 0.015214384509
246 0.015214384509
356 0.015214384509
625 0.015214384509
634 0.015214384509
973 0.015214384509
974 0.015214384509
1487 0.015214384509
1492 0.015214384509
1851 0.015214384509
1855 0.015214384509
2014 0.015214384509
2022 0.015214384509
2227 0.015214384509
2352 0.015214384509
2837 0.015214384509
4304 0.015214384509
4307 0.015214384509
4412 0.015214384509
4414 0.015214384509
47 0.0145228215768
54 0.0145228215768
241 0.0145228215768
630 0.0145228215768
700 0.0145228215768
1106 0.0145228215768
1476 0.0145228215768
2008 0.0145228215768
2029 0.0145228215768
2035 0.0145228215768
2038 0.0145228215768
2049 0.0145228215768
2232 0.0145228215768
2238 0.0145228215768
2239 0.0145228215768
2619 0.0145228215768
2818 0.0145228215768
3990 0.0145228215768
4146 0.0145228215768
4306 0.0145228215768
4308 0.0145228215768
4309 0.0145228215768
4312 0.0145228215768
4319 0.0145228215768
4522 0.0145228215768
46 0.0138312586445
251 0.0138312586445
626 0.0138312586445
640 0.0138312586445
705 0.0138312586445
706 0.0138312586445
707 0.0138312586445
708 0.0138312586445
709 0.0138312586445
710 0.0138312586445
711 0.0138312586445
712 0.0138312586445
713 0.0138312586445
714 0.0138312586445
715 0.0138312586445
716 0.0138312586445
717 0.0138312586445
719 0.0138312586445
720 0.0138312586445
721 0.0138312586445
722 0.0138312586445
723 0.0138312586445
724 0.0138312586445
1332 0.0138312586445
1483 0.0138312586445
1490 0.0138312586445
1515 0.0138312586445
1534 0.0138312586445
1620 0.0138312586445
1623 0.0138312586445
1624 0.0138312586445
2009 0.0138312586445
2010 0.0138312586445
2011 0.0138312586445
2013 0.0138312586445
2028 0.0138312586445
2030 0.0138312586445
2031 0.0138312586445
2034 0.0138312586445
2037 0.0138312586445
2042 0.0138312586445
2213 0.0138312586445
2340 0.0138312586445
2341 0.0138312586445
2587 0.0138312586445
2589 0.0138312586445
3630 0.0138312586445
4313 0.0138312586445
4401 0.0138312586445
4408 0.0138312586445
4410 0.0138312586445
4517 0.0138312586445
4942 0.0138312586445
4958 0.0138312586445
5028 0.0138312586445
5031 0.0138312586445
5033 0.0138312586445
5035 0.0138312586445
5042 0.0138312586445
43 0.0131396957123
53 0.0131396957123
61 0.0131396957123
231 0.0131396957123
237 0.0131396957123
239 0.0131396957123
337 0.0131396957123
525 0.0131396957123
631 0.0131396957123
701 0.0131396957123
1163 0.0131396957123
1339 0.0131396957123
1431 0.0131396957123
1432 0.0131396957123
1433 0.0131396957123
1434 0.0131396957123
1451 0.0131396957123
1475 0.0131396957123
1477 0.0131396957123
1488 0.0131396957123
2015 0.0131396957123
2027 0.0131396957123
2032 0.0131396957123
2036 0.0131396957123
2039 0.0131396957123
2040 0.0131396957123
2046 0.0131396957123
2048 0.0131396957123
2224 0.0131396957123
2354 0.0131396957123
2588 0.0131396957123
2598 0.0131396957123
2599 0.0131396957123
2600 0.0131396957123
2607 0.0131396957123
2608 0.0131396957123
2614 0.0131396957123
2624 0.0131396957123
4139 0.0131396957123
4140 0.0131396957123
4168 0.0131396957123
4169 0.0131396957123
4170 0.0131396957123
4171 0.0131396957123
4172 0.0131396957123
4173 0.0131396957123
4174 0.0131396957123
4175 0.0131396957123
4176 0.0131396957123
4188 0.0131396957123
4191 0.0131396957123
4193 0.0131396957123
4194 0.0131396957123
4199 0.0131396957123
4209 0.0131396957123
4314 0.0131396957123
4315 0.0131396957123
4316 0.0131396957123
4317 0.0131396957123
4320 0.0131396957123
4394 0.0131396957123
4395 0.0131396957123
4398 0.0131396957123
4409 0.0131396957123
4415 0.0131396957123
4633 0.0131396957123
4943 0.0131396957123
4979 0.0131396957123
5026 0.0131396957123
5030 0.0131396957123
5036 0.0131396957123
5116 0.0131396957123
102 0.0124481327801
243 0.0124481327801
451 0.0124481327801
480 0.0124481327801
702 0.0124481327801
704 0.0124481327801
1622 0.0124481327801
1671 0.0124481327801
2016 0.0124481327801
2043 0.0124481327801
2220 0.0124481327801
2241 0.0124481327801
2353 0.0124481327801
2514 0.0124481327801
2595 0.0124481327801
2621 0.0124481327801
2623 0.0124481327801
2820 0.0124481327801
2821 0.0124481327801
2990 0.0124481327801
3390 0.0124481327801
4192 0.0124481327801
4195 0.0124481327801
4196 0.0124481327801
4310 0.0124481327801
4318 0.0124481327801
4390 0.0124481327801
4392 0.0124481327801
4393 0.0124481327801
4458 0.0124481327801
4459 0.0124481327801
4460 0.0124481327801
4461 0.0124481327801
4462 0.0124481327801
4463 0.0124481327801
4464 0.0124481327801
4478 0.0124481327801
4523 0.0124481327801
4594 0.0124481327801
4635 0.0124481327801
5084 0.0124481327801
5600 0.0124481327801
42 0.0117565698479
238 0.0117565698479
248 0.0117565698479
338 0.0117565698479
349 0.0117565698479
449 0.0117565698479
627 0.0117565698479
629 0.0117565698479
703 0.0117565698479
964 0.0117565698479
965 0.0117565698479
966 0.0117565698479
967 0.0117565698479
968 0.0117565698479
969 0.0117565698479
970 0.0117565698479
971 0.0117565698479
983 0.0117565698479
1215 0.0117565698479
1236 0.0117565698479
1282 0.0117565698479
1416 0.0117565698479
1634 0.0117565698479
1845 0.0117565698479
1883 0.0117565698479
1884 0.0117565698479
1885 0.0117565698479
1886 0.0117565698479
1889 0.0117565698479
1890 0.0117565698479
1891 0.0117565698479
1892 0.0117565698479
1903 0.0117565698479
2045 0.0117565698479
2211 0.0117565698479
2219 0.0117565698479
2225 0.0117565698479
2344 0.0117565698479
2351 0.0117565698479
2593 0.0117565698479
2643 0.0117565698479
2644 0.0117565698479
2645 0.0117565698479
2662 0.0117565698479
2991 0.0117565698479
2992 0.0117565698479
2993 0.0117565698479
2994 0.0117565698479
2996 0.0117565698479
2997 0.0117565698479
2998 0.0117565698479
2999 0.0117565698479
3000 0.0117565698479
3001 0.0117565698479
3002 0.0117565698479
3003 0.0117565698479
3004 0.0117565698479
3010 0.0117565698479
3136 0.0117565698479
3137 0.0117565698479
3155 0.0117565698479
4005 0.0117565698479
4143 0.0117565698479
4144 0.0117565698479
4203 0.0117565698479
4403 0.0117565698479
4506 0.0117565698479
4507 0.0117565698479
4524 0.0117565698479
4570 0.0117565698479
4636 0.0117565698479
4637 0.0117565698479
4945 0.0117565698479
59 0.0110650069156
233 0.0110650069156
234 0.0110650069156
249 0.0110650069156
399 0.0110650069156
400 0.0110650069156
419 0.0110650069156
473 0.0110650069156
476 0.0110650069156
483 0.0110650069156
621 0.0110650069156
622 0.0110650069156
928 0.0110650069156
1124 0.0110650069156
1283 0.0110650069156
1661 0.0110650069156
1668 0.0110650069156
1679 0.0110650069156
1853 0.0110650069156
2017 0.0110650069156
2018 0.0110650069156
2024 0.0110650069156
2041 0.0110650069156
2237 0.0110650069156
2343 0.0110650069156
2355 0.0110650069156
2612 0.0110650069156
2622 0.0110650069156
2650 0.0110650069156
2831 0.0110650069156
3006 0.0110650069156
3551 0.0110650069156
3985 0.0110650069156
3987 0.0110650069156
4136 0.0110650069156
4138 0.0110650069156
4189 0.0110650069156
4413 0.0110650069156
4512 0.0110650069156
4525 0.0110650069156
4606 0.0110650069156
5069 0.0110650069156
5074 0.0110650069156
5075 0.0110650069156
5078 0.0110650069156
5082 0.0110650069156
5097 0.0110650069156
5105 0.0110650069156
5106 0.0110650069156
5599 0.0110650069156
5605 0.0110650069156
5610 0.0110650069156
41 0.0103734439834
96 0.0103734439834
97 0.0103734439834
401 0.0103734439834
402 0.0103734439834
403 0.0103734439834
404 0.0103734439834
406 0.0103734439834
508 0.0103734439834
623 0.0103734439834
1113 0.0103734439834
1115 0.0103734439834
1116 0.0103734439834
1117 0.0103734439834
1122 0.0103734439834
1123 0.0103734439834
1145 0.0103734439834
1147 0.0103734439834
1148 0.0103734439834
1149 0.0103734439834
1150 0.0103734439834
1151 0.0103734439834
1152 0.0103734439834
1153 0.0103734439834
1157 0.0103734439834
1164 0.0103734439834
1481 0.0103734439834
1660 0.0103734439834
1662 0.0103734439834
1663 0.0103734439834
1846 0.0103734439834
1894 0.0103734439834
1899 0.0103734439834
1901 0.0103734439834
2025 0.0103734439834
2610 0.0103734439834
2696 0.0103734439834
2697 0.0103734439834
2703 0.0103734439834
2756 0.0103734439834
2830 0.0103734439834
2995 0.0103734439834
3005 0.0103734439834
3218 0.0103734439834
3219 0.0103734439834
3220 0.0103734439834
3238 0.0103734439834
3561 0.0103734439834
3991 0.0103734439834
4137 0.0103734439834
4190 0.0103734439834
4509 0.0103734439834
4608 0.0103734439834
4609 0.0103734439834
4611 0.0103734439834
4852 0.0103734439834
4853 0.0103734439834
4854 0.0103734439834
4871 0.0103734439834
4944 0.0103734439834
4947 0.0103734439834
5072 0.0103734439834
52 0.00968188105118
57 0.00968188105118
60 0.00968188105118
244 0.00968188105118
341 0.00968188105118
407 0.00968188105118
474 0.00968188105118
478 0.00968188105118
506 0.00968188105118
507 0.00968188105118
514 0.00968188105118
515 0.00968188105118
516 0.00968188105118
517 0.00968188105118
518 0.00968188105118
519 0.00968188105118
520 0.00968188105118
639 0.00968188105118
1161 0.00968188105118
1286 0.00968188105118
1526 0.00968188105118
1533 0.00968188105118
1897 0.00968188105118
2019 0.00968188105118
2047 0.00968188105118
2221 0.00968188105118
2510 0.00968188105118
2591 0.00968188105118
2592 0.00968188105118
2603 0.00968188105118
2609 0.00968188105118
2754 0.00968188105118
4201 0.00968188105118
4202 0.00968188105118
4204 0.00968188105118
4399 0.00968188105118
4466 0.00968188105118
4503 0.00968188105118
4505 0.00968188105118
4508 0.00968188105118
4585 0.00968188105118
4601 0.00968188105118
4867 0.00968188105118
4868 0.00968188105118
5022 0.00968188105118
5029 0.00968188105118
5032 0.00968188105118
5098 0.00968188105118
55 0.00899031811895
58 0.00899031811895
232 0.00899031811895
242 0.00899031811895
348 0.00899031811895
409 0.00899031811895
412 0.00899031811895
475 0.00899031811895
678 0.00899031811895
1284 0.00899031811895
1291 0.00899031811895
1516 0.00899031811895
1517 0.00899031811895
1518 0.00899031811895
1522 0.00899031811895
1525 0.00899031811895
1723 0.00899031811895
1726 0.00899031811895
1727 0.00899031811895
1731 0.00899031811895
1733 0.00899031811895
1741 0.00899031811895
1842 0.00899031811895
1843 0.00899031811895
1844 0.00899031811895
2012 0.00899031811895
2214 0.00899031811895
2604 0.00899031811895
2615 0.00899031811895
2834 0.00899031811895
4142 0.00899031811895
4197 0.00899031811895
4206 0.00899031811895
4322 0.00899031811895
4400 0.00899031811895
4610 0.00899031811895
5579 0.00899031811895
5580 0.00899031811895
5598 0.00899031811895
50 0.00829875518672
94 0.00829875518672
245 0.00829875518672
342 0.00829875518672
343 0.00829875518672
410 0.00829875518672
411 0.00829875518672
453 0.00829875518672
521 0.00829875518672
914 0.00829875518672
1067 0.00829875518672
1068 0.00829875518672
1074 0.00829875518672
1083 0.00829875518672
1121 0.00829875518672
1295 0.00829875518672
1297 0.00829875518672
1363 0.00829875518672
1364 0.00829875518672
1420 0.00829875518672
1625 0.00829875518672
1636 0.00829875518672
1724 0.00829875518672
1725 0.00829875518672
1728 0.00829875518672
1729 0.00829875518672
1856 0.00829875518672
1860 0.00829875518672
1895 0.00829875518672
1900 0.00829875518672
1902 0.00829875518672
2026 0.00829875518672
2070 0.00829875518672
2222 0.00829875518672
2348 0.00829875518672
2349 0.00829875518672
2356 0.00829875518672
2594 0.00829875518672
2601 0.00829875518672
2606 0.00829875518672
2655 0.00829875518672
2659 0.00829875518672
2688 0.00829875518672
2835 0.00829875518672
2836 0.00829875518672
3156 0.00829875518672
3175 0.00829875518672
3225 0.00829875518672
3693 0.00829875518672
3895 0.00829875518672
3993 0.00829875518672
4179 0.00829875518672
4180 0.00829875518672
4182 0.00829875518672
4184 0.00829875518672
4185 0.00829875518672
4186 0.00829875518672
4200 0.00829875518672
4205 0.00829875518672
4518 0.00829875518672
4519 0.00829875518672
4520 0.00829875518672
4953 0.00829875518672
5023 0.00829875518672
5027 0.00829875518672
5034 0.00829875518672
5037 0.00829875518672
5039 0.00829875518672
92 0.0076071922545
344 0.0076071922545
350 0.0076071922545
351 0.0076071922545
405 0.0076071922545
408 0.0076071922545
413 0.0076071922545
479 0.0076071922545
522 0.0076071922545
523 0.0076071922545
524 0.0076071922545
636 0.0076071922545
664 0.0076071922545
977 0.0076071922545
1070 0.0076071922545
1071 0.0076071922545
1119 0.0076071922545
1132 0.0076071922545
1159 0.0076071922545
1160 0.0076071922545
1162 0.0076071922545
1337 0.0076071922545
1418 0.0076071922545
1635 0.0076071922545
1721 0.0076071922545
1730 0.0076071922545
2218 0.0076071922545
2596 0.0076071922545
2620 0.0076071922545
2654 0.0076071922545
2661 0.0076071922545
2690 0.0076071922545
2695 0.0076071922545
2822 0.0076071922545
2826 0.0076071922545
2989 0.0076071922545
3100 0.0076071922545
3550 0.0076071922545
3553 0.0076071922545
3554 0.0076071922545
3555 0.0076071922545
3625 0.0076071922545
3989 0.0076071922545
3994 0.0076071922545
3996 0.0076071922545
4177 0.0076071922545
4181 0.0076071922545
4345 0.0076071922545
4346 0.0076071922545
4365 0.0076071922545
4607 0.0076071922545
5470 0.0076071922545
5563 0.0076071922545
5567 0.0076071922545
45 0.00691562932227
240 0.00691562932227
247 0.00691562932227
340 0.00691562932227
346 0.00691562932227
352 0.00691562932227
353 0.00691562932227
455 0.00691562932227
462 0.00691562932227
468 0.00691562932227
472 0.00691562932227
980 0.00691562932227
982 0.00691562932227
1528 0.00691562932227
1722 0.00691562932227
1858 0.00691562932227
1859 0.00691562932227
2020 0.00691562932227
2021 0.00691562932227
2144 0.00691562932227
2216 0.00691562932227
2223 0.00691562932227
2590 0.00691562932227
2597 0.00691562932227
2605 0.00691562932227
2613 0.00691562932227
2652 0.00691562932227
2653 0.00691562932227
2684 0.00691562932227
2685 0.00691562932227
2687 0.00691562932227
3899 0.00691562932227
3901 0.00691562932227
4145 0.00691562932227
4183 0.00691562932227
4187 0.00691562932227
4207 0.00691562932227
4231 0.00691562932227
4232 0.00691562932227
4233 0.00691562932227
4242 0.00691562932227
4282 0.00691562932227
4321 0.00691562932227
4361 0.00691562932227
4364 0.00691562932227
4405 0.00691562932227
4596 0.00691562932227
4949 0.00691562932227
5099 0.00691562932227
5100 0.00691562932227
5101 0.00691562932227
5103 0.00691562932227
5104 0.00691562932227
5473 0.00691562932227
5516 0.00691562932227
5518 0.00691562932227
5519 0.00691562932227
5520 0.00691562932227
5536 0.00691562932227
5566 0.00691562932227
5613 0.00691562932227
465 0.00622406639004
469 0.00622406639004
477 0.00622406639004
526 0.00622406639004
546 0.00622406639004
600 0.00622406639004
601 0.00622406639004
602 0.00622406639004
620 0.00622406639004
637 0.00622406639004
657 0.00622406639004
745 0.00622406639004
975 0.00622406639004
976 0.00622406639004
979 0.00622406639004
981 0.00622406639004
1107 0.00622406639004
1112 0.00622406639004
1114 0.00622406639004
1120 0.00622406639004
1133 0.00622406639004
1134 0.00622406639004
1208 0.00622406639004
1287 0.00622406639004
1294 0.00622406639004
1336 0.00622406639004
1530 0.00622406639004
1531 0.00622406639004
1664 0.00622406639004
1665 0.00622406639004
1666 0.00622406639004
1667 0.00622406639004
1887 0.00622406639004
1888 0.00622406639004
2145 0.00622406639004
2146 0.00622406639004
2150 0.00622406639004
2165 0.00622406639004
2235 0.00622406639004
2347 0.00622406639004
2506 0.00622406639004
2507 0.00622406639004
2611 0.00622406639004
2651 0.00622406639004
2755 0.00622406639004
2758 0.00622406639004
2824 0.00622406639004
3905 0.00622406639004
3992 0.00622406639004
4147 0.00622406639004
4148 0.00622406639004
4149 0.00622406639004
4150 0.00622406639004
4167 0.00622406639004
4208 0.00622406639004
4396 0.00622406639004
4404 0.00622406639004
4521 0.00622406639004
4602 0.00622406639004
5024 0.00622406639004
5025 0.00622406639004
5040 0.00622406639004
5472 0.00622406639004
5474 0.00622406639004
5477 0.00622406639004
5581 0.00622406639004
95 0.00553250345781
336 0.00553250345781
783 0.00553250345781
1118 0.00553250345781
1197 0.00553250345781
1280 0.00553250345781
1290 0.00553250345781
1478 0.00553250345781
1514 0.00553250345781
1524 0.00553250345781
1536 0.00553250345781
1537 0.00553250345781
1538 0.00553250345781
1539 0.00553250345781
1554 0.00553250345781
1626 0.00553250345781
1627 0.00553250345781
1628 0.00553250345781
1629 0.00553250345781
1630 0.00553250345781
1631 0.00553250345781
1632 0.00553250345781
1633 0.00553250345781
1659 0.00553250345781
1673 0.00553250345781
1732 0.00553250345781
2345 0.00553250345781
2505 0.00553250345781
2513 0.00553250345781
2524 0.00553250345781
2656 0.00553250345781
3411 0.00553250345781
3848 0.00553250345781
3924 0.00553250345781
3988 0.00553250345781
4048 0.00553250345781
4049 0.00553250345781
4050 0.00553250345781
4068 0.00553250345781
4261 0.00553250345781
4295 0.00553250345781
4357 0.00553250345781
4465 0.00553250345781
4467 0.00553250345781
4468 0.00553250345781
4469 0.00553250345781
4470 0.00553250345781
4471 0.00553250345781
4473 0.00553250345781
4474 0.00553250345781
4475 0.00553250345781
4477 0.00553250345781
4500 0.00553250345781
4568 0.00553250345781
4569 0.00553250345781
4584 0.00553250345781
4598 0.00553250345781
4600 0.00553250345781
4770 0.00553250345781
4788 0.00553250345781
4864 0.00553250345781
4956 0.00553250345781
4957 0.00553250345781
5038 0.00553250345781
5068 0.00553250345781
5071 0.00553250345781
5073 0.00553250345781
5079 0.00553250345781
5080 0.00553250345781
5367 0.00553250345781
5521 0.00553250345781
90 0.00484094052559
98 0.00484094052559
339 0.00484094052559
535 0.00484094052559
913 0.00484094052559
918 0.00484094052559
919 0.00484094052559
922 0.00484094052559
1073 0.00484094052559
1127 0.00484094052559
1292 0.00484094052559
1335 0.00484094052559
1527 0.00484094052559
1529 0.00484094052559
1541 0.00484094052559
1542 0.00484094052559
1544 0.00484094052559
1674 0.00484094052559
1854 0.00484094052559
2044 0.00484094052559
2061 0.00484094052559
2215 0.00484094052559
2229 0.00484094052559
2617 0.00484094052559
2618 0.00484094052559
2647 0.00484094052559
2699 0.00484094052559
2700 0.00484094052559
2746 0.00484094052559
2765 0.00484094052559
2774 0.00484094052559
2817 0.00484094052559
2819 0.00484094052559
2832 0.00484094052559
2840 0.00484094052559
3096 0.00484094052559
3113 0.00484094052559
3221 0.00484094052559
3222 0.00484094052559
3231 0.00484094052559
3233 0.00484094052559
3235 0.00484094052559
3689 0.00484094052559
3995 0.00484094052559
3997 0.00484094052559
4162 0.00484094052559
4858 0.00484094052559
4865 0.00484094052559
4866 0.00484094052559
4869 0.00484094052559
4870 0.00484094052559
4965 0.00484094052559
5067 0.00484094052559
5070 0.00484094052559
5076 0.00484094052559
5077 0.00484094052559
5221 0.00484094052559
5241 0.00484094052559
5356 0.00484094052559
5357 0.00484094052559
5358 0.00484094052559
5359 0.00484094052559
5360 0.00484094052559
5361 0.00484094052559
5374 0.00484094052559
5517 0.00484094052559
5584 0.00484094052559
51 0.00414937759336
89 0.00414937759336
91 0.00414937759336
93 0.00414937759336
347 0.00414937759336
354 0.00414937759336
461 0.00414937759336
513 0.00414937759336
607 0.00414937759336
649 0.00414937759336
652 0.00414937759336
916 0.00414937759336
963 0.00414937759336
1077 0.00414937759336
1078 0.00414937759336
1108 0.00414937759336
1203 0.00414937759336
1285 0.00414937759336
1289 0.00414937759336
1341 0.00414937759336
1438 0.00414937759336
1440 0.00414937759336
1441 0.00414937759336
1520 0.00414937759336
1521 0.00414937759336
1672 0.00414937759336
1676 0.00414937759336
1678 0.00414937759336
1849 0.00414937759336
2056 0.00414937759336
2063 0.00414937759336
2128 0.00414937759336
2129 0.00414937759336
2143 0.00414937759336
2230 0.00414937759336
2346 0.00414937759336
2350 0.00414937759336
2646 0.00414937759336
2657 0.00414937759336
2698 0.00414937759336
2702 0.00414937759336
3097 0.00414937759336
3165 0.00414937759336
3168 0.00414937759336
3223 0.00414937759336
3229 0.00414937759336
3370 0.00414937759336
3628 0.00414937759336
3894 0.00414937759336
3904 0.00414937759336
4132 0.00414937759336
4141 0.00414937759336
4243 0.00414937759336
4247 0.00414937759336
4292 0.00414937759336
4303 0.00414937759336
4347 0.00414937759336
4406 0.00414937759336
4859 0.00414937759336
4860 0.00414937759336
4861 0.00414937759336
4967 0.00414937759336
5083 0.00414937759336
5535 0.00414937759336
5562 0.00414937759336
5565 0.00414937759336
88 0.00345781466113
99 0.00345781466113
100 0.00345781466113
101 0.00345781466113
355 0.00345781466113
386 0.00345781466113
445 0.00345781466113
459 0.00345781466113
509 0.00345781466113
510 0.00345781466113
561 0.00345781466113
604 0.00345781466113
605 0.00345781466113
662 0.00345781466113
666 0.00345781466113
729 0.00345781466113
735 0.00345781466113
737 0.00345781466113
781 0.00345781466113
921 0.00345781466113
923 0.00345781466113
1109 0.00345781466113
1110 0.00345781466113
1143 0.00345781466113
1209 0.00345781466113
1210 0.00345781466113
1211 0.00345781466113
1212 0.00345781466113
1213 0.00345781466113
1293 0.00345781466113
1333 0.00345781466113
1334 0.00345781466113
1417 0.00345781466113
1425 0.00345781466113
1435 0.00345781466113
1436 0.00345781466113
1437 0.00345781466113
1439 0.00345781466113
1443 0.00345781466113
1444 0.00345781466113
1445 0.00345781466113
1446 0.00345781466113
1447 0.00345781466113
1448 0.00345781466113
1449 0.00345781466113
1450 0.00345781466113
1519 0.00345781466113
1523 0.00345781466113
1850 0.00345781466113
1857 0.00345781466113
2126 0.00345781466113
2147 0.00345781466113
2148 0.00345781466113
2149 0.00345781466113
2485 0.00345781466113
2771 0.00345781466113
2970 0.00345781466113
3150 0.00345781466113
3230 0.00345781466113
3373 0.00345781466113
3376 0.00345781466113
3377 0.00345781466113
3378 0.00345781466113
3379 0.00345781466113
3391 0.00345781466113
3392 0.00345781466113
3393 0.00345781466113
3394 0.00345781466113
3407 0.00345781466113
3552 0.00345781466113
3559 0.00345781466113
3567 0.00345781466113
3574 0.00345781466113
3629 0.00345781466113
4063 0.00345781466113
4067 0.00345781466113
4160 0.00345781466113
4165 0.00345781466113
4166 0.00345781466113
4234 0.00345781466113
4235 0.00345781466113
4236 0.00345781466113
4238 0.00345781466113
4239 0.00345781466113
4264 0.00345781466113
4265 0.00345781466113
4266 0.00345781466113
4267 0.00345781466113
4268 0.00345781466113
4284 0.00345781466113
4287 0.00345781466113
4294 0.00345781466113
4356 0.00345781466113
4359 0.00345781466113
4360 0.00345781466113
4362 0.00345781466113
4363 0.00345781466113
4501 0.00345781466113
4571 0.00345781466113
4573 0.00345781466113
4579 0.00345781466113
4590 0.00345781466113
4712 0.00345781466113
4713 0.00345781466113
4728 0.00345781466113
5041 0.00345781466113
5107 0.00345781466113
5108 0.00345781466113
5109 0.00345781466113
5110 0.00345781466113
5111 0.00345781466113
5113 0.00345781466113
5523 0.00345781466113
5527 0.00345781466113
5534 0.00345781466113
5559 0.00345781466113
5560 0.00345781466113
5568 0.00345781466113
5574 0.00345781466113
5575 0.00345781466113
5576 0.00345781466113
394 0.00276625172891
396 0.00276625172891
511 0.00276625172891
512 0.00276625172891
537 0.00276625172891
567 0.00276625172891
603 0.00276625172891
606 0.00276625172891
608 0.00276625172891
643 0.00276625172891
665 0.00276625172891
668 0.00276625172891
669 0.00276625172891
671 0.00276625172891
672 0.00276625172891
676 0.00276625172891
725 0.00276625172891
726 0.00276625172891
730 0.00276625172891
736 0.00276625172891
767 0.00276625172891
1079 0.00276625172891
1111 0.00276625172891
1126 0.00276625172891
1128 0.00276625172891
1131 0.00276625172891
1135 0.00276625172891
1198 0.00276625172891
1202 0.00276625172891
1205 0.00276625172891
1206 0.00276625172891
1217 0.00276625172891
1221 0.00276625172891
1338 0.00276625172891
1340 0.00276625172891
1365 0.00276625172891
2067 0.00276625172891
2151 0.00276625172891
2155 0.00276625172891
2159 0.00276625172891
2233 0.00276625172891
2342 0.00276625172891
2501 0.00276625172891
2838 0.00276625172891
2974 0.00276625172891
2984 0.00276625172891
2985 0.00276625172891
3095 0.00276625172891
3107 0.00276625172891
3139 0.00276625172891
3151 0.00276625172891
3152 0.00276625172891
3169 0.00276625172891
3232 0.00276625172891
3236 0.00276625172891
3237 0.00276625172891
3556 0.00276625172891
3568 0.00276625172891
3626 0.00276625172891
3787 0.00276625172891
3916 0.00276625172891
3998 0.00276625172891
4053 0.00276625172891
4055 0.00276625172891
4065 0.00276625172891
4237 0.00276625172891
4241 0.00276625172891
4244 0.00276625172891
4246 0.00276625172891
4302 0.00276625172891
4599 0.00276625172891
4603 0.00276625172891
4604 0.00276625172891
4634 0.00276625172891
4723 0.00276625172891
4775 0.00276625172891
4856 0.00276625172891
4962 0.00276625172891
4968 0.00276625172891
5537 0.00276625172891
5582 0.00276625172891
5583 0.00276625172891
5612 0.00276625172891
345 0.00207468879668
398 0.00207468879668
532 0.00207468879668
534 0.00207468879668
536 0.00207468879668
541 0.00207468879668
644 0.00207468879668
677 0.00207468879668
727 0.00207468879668
909 0.00207468879668
915 0.00207468879668
917 0.00207468879668
920 0.00207468879668
1129 0.00207468879668
1130 0.00207468879668
1144 0.00207468879668
1219 0.00207468879668
1222 0.00207468879668
1372 0.00207468879668
2068 0.00207468879668
2130 0.00207468879668
2131 0.00207468879668
2212 0.00207468879668
2234 0.00207468879668
2236 0.00207468879668
2482 0.00207468879668
2761 0.00207468879668
2971 0.00207468879668
2987 0.00207468879668
2988 0.00207468879668
3099 0.00207468879668
3138 0.00207468879668
3140 0.00207468879668
3141 0.00207468879668
3142 0.00207468879668
3143 0.00207468879668
3145 0.00207468879668
3146 0.00207468879668
3148 0.00207468879668
3149 0.00207468879668
3153 0.00207468879668
3154 0.00207468879668
3157 0.00207468879668
3167 0.00207468879668
3172 0.00207468879668
3384 0.00207468879668
3386 0.00207468879668
3389 0.00207468879668
3685 0.00207468879668
3767 0.00207468879668
3914 0.00207468879668
3915 0.00207468879668
4245 0.00207468879668
4272 0.00207468879668
4577 0.00207468879668
4578 0.00207468879668
4587 0.00207468879668
4588 0.00207468879668
4589 0.00207468879668
4605 0.00207468879668
4778 0.00207468879668
4955 0.00207468879668
4966 0.00207468879668
4973 0.00207468879668
5222 0.00207468879668
5233 0.00207468879668
5235 0.00207468879668
5334 0.00207468879668
5515 0.00207468879668
5587 0.00207468879668
5596 0.00207468879668
5601 0.00207468879668
5603 0.00207468879668
5604 0.00207468879668
5606 0.00207468879668
5611 0.00207468879668
5616 0.00207468879668
538 0.00138312586445
542 0.00138312586445
654 0.00138312586445
655 0.00138312586445
663 0.00138312586445
670 0.00138312586445
674 0.00138312586445
782 0.00138312586445
912 0.00138312586445
927 0.00138312586445
1141 0.00138312586445
1218 0.00138312586445
1223 0.00138312586445
1426 0.00138312586445
1429 0.00138312586445
1532 0.00138312586445
2066 0.00138312586445
2210 0.00138312586445
2226 0.00138312586445
2240 0.00138312586445
2481 0.00138312586445
2973 0.00138312586445
2977 0.00138312586445
3158 0.00138312586445
3163 0.00138312586445
3166 0.00138312586445
3170 0.00138312586445
3371 0.00138312586445
3372 0.00138312586445
3388 0.00138312586445
3396 0.00138312586445
3560 0.00138312586445
3616 0.00138312586445
3620 0.00138312586445
3686 0.00138312586445
3687 0.00138312586445
3688 0.00138312586445
3690 0.00138312586445
3691 0.00138312586445
3768 0.00138312586445
3917 0.00138312586445
3922 0.00138312586445
4262 0.00138312586445
4263 0.00138312586445
4591 0.00138312586445
4592 0.00138312586445
4772 0.00138312586445
4773 0.00138312586445
4777 0.00138312586445
4782 0.00138312586445
4959 0.00138312586445
4960 0.00138312586445
5223 0.00138312586445
5230 0.00138312586445
5231 0.00138312586445
5499 0.00138312586445
5513 0.00138312586445
5588 0.00138312586445
5593 0.00138312586445
5594 0.00138312586445
5602 0.00138312586445
5609 0.00138312586445
5614 0.00138312586445
5615 0.00138312586445
550 0.000691562932227
555 0.000691562932227
566 0.000691562932227
624 0.000691562932227
728 0.000691562932227
924 0.000691562932227
925 0.000691562932227
960 0.000691562932227
1142 0.000691562932227
1199 0.000691562932227
1200 0.000691562932227
1201 0.000691562932227
1220 0.000691562932227
1224 0.000691562932227
1226 0.000691562932227
1229 0.000691562932227
1279 0.000691562932227
1428 0.000691562932227
2064 0.000691562932227
2069 0.000691562932227
2182 0.000691562932227
2523 0.000691562932227
2689 0.000691562932227
2750 0.000691562932227
2976 0.000691562932227
2978 0.000691562932227
3375 0.000691562932227
3380 0.000691562932227
3381 0.000691562932227
3382 0.000691562932227
3383 0.000691562932227
3385 0.000691562932227
3397 0.000691562932227
3402 0.000691562932227
3573 0.000691562932227
3673 0.000691562932227
3674 0.000691562932227
3675 0.000691562932227
3679 0.000691562932227
3682 0.000691562932227
3831 0.000691562932227
3835 0.000691562932227
3837 0.000691562932227
3842 0.000691562932227
3843 0.000691562932227
3847 0.000691562932227
3911 0.000691562932227
3912 0.000691562932227
4249 0.000691562932227
4252 0.000691562932227
4273 0.000691562932227
4274 0.000691562932227
4961 0.000691562932227
4963 0.000691562932227
4964 0.000691562932227
4969 0.000691562932227
4970 0.000691562932227
4971 0.000691562932227
4972 0.000691562932227
4974 0.000691562932227
4975 0.000691562932227
4976 0.000691562932227
4978 0.000691562932227
5064 0.000691562932227
5065 0.000691562932227
5112 0.000691562932227
5114 0.000691562932227
5115 0.000691562932227
5314 0.000691562932227
5570 0.000691562932227
5571 0.000691562932227
