0.0 0.0 0.0
0.1 0.1 0.1
0.125 0.125 0.125
0.166666666667 0.166666666667 0.166666666667
0.166666666667 0.166666666667 0.166666666667
0.166666666667 0.166666666667 0.166666666667
0.166666666667 0.166666666667 0.166666666667
0.166666666667 0.166666666667 0.166666666667
0.166666666667 0.166666666667 0.166666666667
0.166666666667 0.166666666667 0.166666666667
0.2 0.2 0.2
0.25 0.25 0.25
0.333333333333 0.333333333333 0.333333333333
0.5 0.5 0.5
0.6 0.6 0.6
0.666666666667 0.666666666667 0.666666666667
0.7 0.7 0.7
0.75 0.75 0.75
0.8 0.8 0.8
0.8 0.8 0.8
0.8 0.8 0.8
0.8 0.8 0.8
0.8 0.8 0.8
0.8 0.8 0.8
0.8 0.8 0.8
0.8 0.8 0.8
0.8 0.8 0.8
0.8 0.8 0.8
0.833333333333 0.833333333333 0.833333333333
0.833333333333 0.833333333333 0.833333333333
0.833333333333 0.833333333333 0.833333333333
0.833333333333 0.833333333333 0.833333333333
0.833333333333 0.833333333333 0.833333333333
0.833333333333 0.833333333333 0.833333333333
0.833333333333 0.833333333333 0.833333333333
0.833333333333 0.833333333333 0.833333333333
0.833333333333 0.833333333333 0.833333333333
0.875 0.875 0.875
0.9 0.9 0.9
1.0 1.0 1.0
0.333333333333 0.333333333333 0.333333333333
0.4 0.4 0.4
0.5 0.5 0.5
0.6 0.6 0.6
0.666666666667 0.666666666667 0.666666666667
0.7 0.7 0.7
0.75 0.75 0.75
0.8 0.8 0.8
0.833333333333 0.833333333333 0.833333333333
0.833333333333 0.833333333333 0.833333333333
0.833333333333 0.833333333333 0.833333333333
0.833333333333 0.833333333333 0.833333333333
0.833333333333 0.833333333333 0.833333333333
1.0 1.0 1.0
1.0 1.0 1.0
1.0 1.0 1.0
1.0 1.0 1.0
1.0 1.0 1.0
1.0 1.0 1.0
1.0 1.0 1.0
1.0 1.0 1.0
1.0 1.0 1.0
0.666666666667 0.666666666667 0.666666666667
0.75 0.75 0.75
0.75 0.75 0.75
0.75 0.75 0.75
0.5 0.5 0.5
0.5 0.5 0.5
0.5 0.5 0.5
0.666666666667 0.666666666667 0.666666666667
0.666666666667 0.666666666667 0.666666666667
0.75 0.75 0.75
0.75 0.75 0.75
0.75 0.75 0.75
0.75 0.75 0.75
0.75 0.75 0.75
0.75 0.75 0.75
0.75 0.75 0.75
0.75 0.75 0.75
0.5 0.5 0.5
0.5 0.5 0.5
0.5 0.5 0.5
0.5 0.5 0.5
0.666666666667 0.666666666667 0.666666666667
0.666666666667 0.666666666667 0.666666666667
0.75 0.75 0.75
0.75 0.75 0.75
0.75 0.75 0.75
0.75 0.75 0.75
0.2 0.2 0.2
0.5 0.5 0.5
0.0 0.0 0.0
0.1 0.1 0.1
0.125 0.125 0.125
0.166666666667 0.166666666667 0.166666666667
0.166666666667 0.166666666667 0.166666666667
0.166666666667 0.166666666667 0.166666666667
0.166666666667 0.166666666667 0.166666666667
0.166666666667 0.166666666667 0.166666666667
0.166666666667 0.166666666667 0.166666666667
0.166666666667 0.166666666667 0.166666666667
0.2 0.2 0.2
0.25 0.25 0.25
0.333333333333 0.333333333333 0.333333333333
0.5 0.5 0.5
0.6 0.6 0.6
0.666666666667 0.666666666667 0.666666666667
0.7 0.7 0.7
0.75 0.75 0.75
0.8 0.8 0.8
0.8 0.8 0.8
0.8 0.8 0.8
0.8 0.8 0.8
0.8 0.8 0.8
0.8 0.8 0.8
0.8 0.8 0.8
0.8 0.8 0.8
0.8 0.8 0.8
0.8 0.8 0.8
0.833333333333 0.833333333333 0.833333333333
0.833333333333 0.833333333333 0.833333333333
0.833333333333 0.833333333333 0.833333333333
0.833333333333 0.833333333333 0.833333333333
0.833333333333 0.833333333333 0.833333333333
0.833333333333 0.833333333333 0.833333333333
0.833333333333 0.833333333333 0.833333333333
0.833333333333 0.833333333333 0.833333333333
0.833333333333 0.833333333333 0.833333333333
0.875 0.875 0.875
0.9 0.9 0.9
1.0 1.0 1.0
0.333333333333 0.333333333333 0.333333333333
0.4 0.4 0.4
0.5 0.5 0.5
0.6 0.6 0.6
0.666666666667 0.666666666667 0.666666666667
0.7 0.7 0.7
0.75 0.75 0.75
0.8 0.8 0.8
0.833333333333 0.833333333333 0.833333333333
0.833333333333 0.833333333333 0.833333333333
0.833333333333 0.833333333333 0.833333333333
0.833333333333 0.833333333333 0.833333333333
0.833333333333 0.833333333333 0.833333333333
1.0 1.0 1.0
1.0 1.0 1.0
1.0 1.0 1.0
1.0 1.0 1.0
1.0 1.0 1.0
1.0 1.0 1.0
1.0 1.0 1.0
1.0 1.0 1.0
1.0 1.0 1.0
0.666666666667 0.666666666667 0.666666666667
0.75 0.75 0.75
0.75 0.75 0.75
0.75 0.75 0.75
0.5 0.5 0.5
0.5 0.5 0.5
0.5 0.5 0.5
0.666666666667 0.666666666667 0.666666666667
0.666666666667 0.666666666667 0.666666666667
0.75 0.75 0.75
0.75 0.75 0.75
0.75 0.75 0.75
0.75 0.75 0.75
0.75 0.75 0.75
0.75 0.75 0.75
0.75 0.75 0.75
0.75 0.75 0.75
0.5 0.5 0.5
0.5 0.5 0.5
0.5 0.5 0.5
0.5 0.5 0.5
0.666666666667 0.666666666667 0.666666666667
0.666666666667 0.666666666667 0.666666666667
0.75 0.75 0.75
0.75 0.75 0.75
0.75 0.75 0.75
0.75 0.75 0.75
0.2 0.2 0.2
0.5 0.5 0.5
0.0 0.0 0.0
0.1 0.1 0.1
0.125 0.125 0.125
0.166666666667 0.166666666667 0.166666666667
0.166666666667 0.166666666667 0.166666666667
0.166666666667 0.166666666667 0.166666666667
0.166666666667 0.166666666667 0.166666666667
0.166666666667 0.166666666667 0.166666666667
0.166666666667 0.166666666667 0.166666666667
0.166666666667 0.166666666667 0.166666666667
0.2 0.2 0.2
0.25 0.25 0.25
0.333333333333 0.333333333333 0.333333333333
0.5 0.5 0.5
0.6 0.6 0.6
0.666666666667 0.666666666667 0.666666666667
0.7 0.7 0.7
0.75 0.75 0.75
0.8 0.8 0.8
0.8 0.8 0.8
0.8 0.8 0.8
0.8 0.8 0.8
0.8 0.8 0.8
0.8 0.8 0.8
0.8 0.8 0.8
0.8 0.8 0.8
0.8 0.8 0.8
0.8 0.8 0.8
0.833333333333 0.833333333333 0.833333333333
0.833333333333 0.833333333333 0.833333333333
0.833333333333 0.833333333333 0.833333333333
0.833333333333 0.833333333333 0.833333333333
0.833333333333 0.833333333333 0.833333333333
0.833333333333 0.833333333333 0.833333333333
0.833333333333 0.833333333333 0.833333333333
0.833333333333 0.833333333333 0.833333333333
0.833333333333 0.833333333333 0.833333333333
0.875 0.875 0.875
0.9 0.9 0.9
1.0 1.0 1.0
0.333333333333 0.333333333333 0.333333333333
0.4 0.4 0.4
0.5 0.5 0.5
0.6 0.6 0.6
0.666666666667 0.666666666667 0.666666666667
0.7 0.7 0.7
0.75 0.75 0.75
0.8 0.8 0.8
0.833333333333 0.833333333333 0.833333333333
0.833333333333 0.833333333333 0.833333333333
0.833333333333 0.833333333333 0.833333333333
0.833333333333 0.833333333333 0.833333333333
0.833333333333 0.833333333333 0.833333333333
1.0 1.0 1.0
1.0 1.0 1.0
1.0 1.0 1.0
1.0 1.0 1.0
1.0 1.0 1.0
1.0 1.0 1.0
1.0 1.0 1.0
1.0 1.0 1.0
1.0 1.0 1.0
0.666666666667 0.666666666667 0.666666666667
0.75 0.75 0.75
0.75 0.75 0.75
0.75 0.75 0.75
0.5 0.5 0.5
0.5 0.5 0.5
0.5 0.5 0.5
0.666666666667 0.666666666667 0.666666666667
0.666666666667 0.666666666667 0.666666666667
0.75 0.75 0.75
0.75 0.75 0.75
0.75 0.75 0.75
0.75 0.75 0.75
0.75 0.75 0.75
0.75 0.75 0.75
0.75 0.75 0.75
0.75 0.75 0.75
0.5 0.5 0.5
0.5 0.5 0.5
0.5 0.5 0.5
0.5 0.5 0.5
0.666666666667 0.666666666667 0.666666666667
0.666666666667 0.666666666667 0.666666666667
0.75 0.75 0.75
0.75 0.75 0.75
0.75 0.75 0.75
0.75 0.75 0.75
0.2 0.2 0.2
0.5 0.5 0.5
0.0 0.0 0.0
0.1 0.1 0.1
0.125 0.125 0.125
0.166666666667 0.166666666667 0.166666666667
0.166666666667 0.166666666667 0.166666666667
0.166666666667 0.166666666667 0.166666666667
0.166666666667 0.166666666667 0.166666666667
0.166666666667 0.166666666667 0.166666666667
0.166666666667 0.166666666667 0.166666666667
0.166666666667 0.166666666667 0.166666666667
0.2 0.2 0.2
0.25 0.25 0.25
0.333333333333 0.333333333333 0.333333333333
0.5 0.5 0.5
0.6 0.6 0.6
0.666666666667 0.666666666667 0.666666666667
0.7 0.7 0.7
0.75 0.75 0.75
0.8 0.8 0.8
0.8 0.8 0.8
0.8 0.8 0.8
0.8 0.8 0.8
0.8 0.8 0.8
0.8 0.8 0.8
0.8 0.8 0.8
0.8 0.8 0.8
0.8 0.8 0.8
0.8 0.8 0.8
0.833333333333 0.833333333333 0.833333333333
0.833333333333 0.833333333333 0.833333333333
0.833333333333 0.833333333333 0.833333333333
0.833333333333 0.833333333333 0.833333333333
0.833333333333 0.833333333333 0.833333333333
0.833333333333 0.833333333333 0.833333333333
0.833333333333 0.833333333333 0.833333333333
0.833333333333 0.833333333333 0.833333333333
0.833333333333 0.833333333333 0.833333333333
0.875 0.875 0.875
0.9 0.9 0.9
1.0 1.0 1.0
0.333333333333 0.333333333333 0.333333333333
0.4 0.4 0.4
0.5 0.5 0.5
0.6 0.6 0.6
0.666666666667 0.666666666667 0.666666666667
0.7 0.7 0.7
0.75 0.75 0.75
0.8 0.8 0.8
0.833333333333 0.833333333333 0.833333333333
0.833333333333 0.833333333333 0.833333333333
0.833333333333 0.833333333333 0.833333333333
0.833333333333 0.833333333333 0.833333333333
0.833333333333 0.833333333333 0.833333333333
1.0 1.0 1.0
1.0 1.0 1.0
1.0 1.0 1.0
1.0 1.0 1.0
1.0 1.0 1.0
1.0 1.0 1.0
1.0 1.0 1.0
1.0 1.0 1.0
1.0 1.0 1.0
0.666666666667 0.666666666667 0.666666666667
0.75 0.75 0.75
0.75 0.75 0.75
0.75 0.75 0.75
0.5 0.5 0.5
0.5 0.5 0.5
0.5 0.5 0.5
0.666666666667 0.666666666667 0.666666666667
0.666666666667 0.666666666667 0.666666666667
0.75 0.75 0.75
0.75 0.75 0.75
0.75 0.75 0.75
0.75 0.75 0.75
0.75 0.75 0.75
0.75 0.75 0.75
0.75 0.75 0.75
0.75 0.75 0.75
0.5 0.5 0.5
0.5 0.5 0.5
0.5 0.5 0.5
0.5 0.5 0.5
0.666666666667 0.666666666667 0.666666666667
0.666666666667 0.666666666667 0.666666666667
0.75 0.75 0.75
0.75 0.75 0.75
0.75 0.75 0.75
0.75 0.75 0.75
0.2 0.2 0.2
0.5 0.5 0.5
0.0 0.0 0.0
0.1 0.1 0.1
0.125 0.125 0.125
0.166666666667 0.166666666667 0.166666666667
0.166666666667 0.166666666667 0.166666666667
0.166666666667 0.166666666667 0.166666666667
0.166666666667 0.166666666667 0.166666666667
0.166666666667 0.166666666667 0.166666666667
0.166666666667 0.166666666667 0.166666666667
0.166666666667 0.166666666667 0.166666666667
0.2 0.2 0.2
0.25 0.25 0.25
0.333333333333 0.333333333333 0.333333333333
0.5 0.5 0.5
0.6 0.6 0.6
0.666666666667 0.666666666667 0.666666666667
0.7 0.7 0.7
0.75 0.75 0.75
0.8 0.8 0.8
0.8 0.8 0.8
0.8 0.8 0.8
0.8 0.8 0.8
0.8 0.8 0.8
0.8 0.8 0.8
0.8 0.8 0.8
0.8 0.8 0.8
0.8 0.8 0.8
0.8 0.8 0.8
0.833333333333 0.833333333333 0.833333333333
0.833333333333 0.833333333333 0.833333333333
0.833333333333 0.833333333333 0.833333333333
0.833333333333 0.833333333333 0.833333333333
0.833333333333 0.833333333333 0.833333333333
0.833333333333 0.833333333333 0.833333333333
0.833333333333 0.833333333333 0.833333333333
0.833333333333 0.833333333333 0.833333333333
0.833333333333 0.833333333333 0.833333333333
0.875 0.875 0.875
0.9 0.9 0.9
1.0 1.0 1.0
0.333333333333 0.333333333333 0.333333333333
0.4 0.4 0.4
0.5 0.5 0.5
0.6 0.6 0.6
0.666666666667 0.666666666667 0.666666666667
0.7 0.7 0.7
0.75 0.75 0.75
0.8 0.8 0.8
0.833333333333 0.833333333333 0.833333333333
0.833333333333 0.833333333333 0.833333333333
0.833333333333 0.833333333333 0.833333333333
0.833333333333 0.833333333333 0.833333333333
0.833333333333 0.833333333333 0.833333333333
1.0 1.0 1.0
1.0 1.0 1.0
1.0 1.0 1.0
1.0 1.0 1.0
1.0 1.0 1.0
1.0 1.0 1.0
1.0 1.0 1.0
1.0 1.0 1.0
1.0 1.0 1.0
0.666666666667 0.666666666667 0.666666666667
0.75 0.75 0.75
0.75 0.75 0.75
0.75 0.75 0.75
0.5 0.5 0.5
0.5 0.5 0.5
0.5 0.5 0.5
0.666666666667 0.666666666667 0.666666666667
0.666666666667 0.666666666667 0.666666666667
0.75 0.75 0.75
0.75 0.75 0.75
0.75 0.75 0.75
0.75 0.75 0.75
0.75 0.75 0.75
0.75 0.75 0.75
0.75 0.75 0.75
0.75 0.75 0.75
0.5 0.5 0.5
0.5 0.5 0.5
0.5 0.5 0.5
0.5 0.5 0.5
0.666666666667 0.666666666667 0.666666666667
0.666666666667 0.666666666667 0.666666666667
0.75 0.75 0.75
0.75 0.75 0.75
0.75 0.75 0.75
0.75 0.75 0.75
0.2 0.2 0.2
0.5 0.5 0.5
0.0 0.0 0.0
0.1 0.1 0.1
0.125 0.125 0.125
0.166666666667 0.166666666667 0.166666666667
0.166666666667 0.166666666667 0.166666666667
0.166666666667 0.166666666667 0.166666666667
0.166666666667 0.166666666667 0.166666666667
0.166666666667 0.166666666667 0.166666666667
0.166666666667 0.166666666667 0.166666666667
0.166666666667 0.166666666667 0.166666666667
0.2 0.2 0.2
0.25 0.25 0.25
0.333333333333 0.333333333333 0.333333333333
0.5 0.5 0.5
0.6 0.6 0.6
0.666666666667 0.666666666667 0.666666666667
0.7 0.7 0.7
0.75 0.75 0.75
0.8 0.8 0.8
0.8 0.8 0.8
0.8 0.8 0.8
0.8 0.8 0.8
0.8 0.8 0.8
0.8 0.8 0.8
0.8 0.8 0.8
0.8 0.8 0.8
0.8 0.8 0.8
0.8 0.8 0.8
0.833333333333 0.833333333333 0.833333333333
0.833333333333 0.833333333333 0.833333333333
0.833333333333 0.833333333333 0.833333333333
0.833333333333 0.833333333333 0.833333333333
0.833333333333 0.833333333333 0.833333333333
0.833333333333 0.833333333333 0.833333333333
0.833333333333 0.833333333333 0.833333333333
0.833333333333 0.833333333333 0.833333333333
0.833333333333 0.833333333333 0.833333333333
0.875 0.875 0.875
0.9 0.9 0.9
1.0 1.0 1.0
0.333333333333 0.333333333333 0.333333333333
0.4 0.4 0.4
0.5 0.5 0.5
0.6 0.6 0.6
0.666666666667 0.666666666667 0.666666666667
0.7 0.7 0.7
0.75 0.75 0.75
0.8 0.8 0.8
0.833333333333 0.833333333333 0.833333333333
0.833333333333 0.833333333333 0.833333333333
0.833333333333 0.833333333333 0.833333333333
0.833333333333 0.833333333333 0.833333333333
0.833333333333 0.833333333333 0.833333333333
1.0 1.0 1.0
1.0 1.0 1.0
1.0 1.0 1.0
1.0 1.0 1.0
1.0 1.0 1.0
1.0 1.0 1.0
1.0 1.0 1.0
1.0 1.0 1.0
1.0 1.0 1.0
0.666666666667 0.666666666667 0.666666666667
0.75 0.75 0.75
0.75 0.75 0.75
0.75 0.75 0.75
0.5 0.5 0.5
0.5 0.5 0.5
0.5 0.5 0.5
0.666666666667 0.666666666667 0.666666666667
0.666666666667 0.666666666667 0.666666666667
0.75 0.75 0.75
0.75 0.75 0.75
0.75 0.75 0.75
0.75 0.75 0.75
0.75 0.75 0.75
0.75 0.75 0.75
0.75 0.75 0.75
0.75 0.75 0.75
0.5 0.5 0.5
0.5 0.5 0.5
0.5 0.5 0.5
0.5 0.5 0.5
0.666666666667 0.666666666667 0.666666666667
0.666666666667 0.666666666667 0.666666666667
0.75 0.75 0.75
0.75 0.75 0.75
0.75 0.75 0.75
0.75 0.75 0.75
0.2 0.2 0.2
0.5 0.5 0.5
0.0 0.0 0.0
0.1 0.1 0.1
0.125 0.125 0.125
0.166666666667 0.166666666667 0.166666666667
0.166666666667 0.166666666667 0.166666666667
0.166666666667 0.166666666667 0.166666666667
0.166666666667 0.166666666667 0.166666666667
0.166666666667 0.166666666667 0.166666666667
0.166666666667 0.166666666667 0.166666666667
0.166666666667 0.166666666667 0.166666666667
0.2 0.2 0.2
0.25 0.25 0.25
0.333333333333 0.333333333333 0.333333333333
0.5 0.5 0.5
0.6 0.6 0.6
0.666666666667 0.666666666667 0.666666666667
0.7 0.7 0.7
0.75 0.75 0.75
0.8 0.8 0.8
0.8 0.8 0.8
0.8 0.8 0.8
0.8 0.8 0.8
0.8 0.8 0.8
0.8 0.8 0.8
0.8 0.8 0.8
0.8 0.8 0.8
0.8 0.8 0.8
0.8 0.8 0.8
0.833333333333 0.833333333333 0.833333333333
0.833333333333 0.833333333333 0.833333333333
0.833333333333 0.833333333333 0.833333333333
0.833333333333 0.833333333333 0.833333333333
0.833333333333 0.833333333333 0.833333333333
0.833333333333 0.833333333333 0.833333333333
0.833333333333 0.833333333333 0.833333333333
0.833333333333 0.833333333333 0.833333333333
0.833333333333 0.833333333333 0.833333333333
0.875 0.875 0.875
0.9 0.9 0.9
1.0 1.0 1.0
0.333333333333 0.333333333333 0.333333333333
0.4 0.4 0.4
0.5 0.5 0.5
0.6 0.6 0.6
0.666666666667 0.666666666667 0.666666666667
0.7 0.7 0.7
0.75 0.75 0.75
0.8 0.8 0.8
0.833333333333 0.833333333333 0.833333333333
0.833333333333 0.833333333333 0.833333333333
0.833333333333 0.833333333333 0.833333333333
0.833333333333 0.833333333333 0.833333333333
0.833333333333 0.833333333333 0.833333333333
1.0 1.0 1.0
1.0 1.0 1.0
1.0 1.0 1.0
1.0 1.0 1.0
1.0 1.0 1.0
1.0 1.0 1.0
1.0 1.0 1.0
1.0 1.0 1.0
1.0 1.0 1.0
0.666666666667 0.666666666667 0.666666666667
0.75 0.75 0.75
0.75 0.75 0.75
0.75 0.75 0.75
0.5 0.5 0.5
0.5 0.5 0.5
0.5 0.5 0.5
0.666666666667 0.666666666667 0.666666666667
0.666666666667 0.666666666667 0.666666666667
0.75 0.75 0.75
0.75 0.75 0.75
0.75 0.75 0.75
0.75 0.75 0.75
0.75 0.75 0.75
0.75 0.75 0.75
0.75 0.75 0.75
0.75 0.75 0.75
0.5 0.5 0.5
0.5 0.5 0.5
0.5 0.5 0.5
0.5 0.5 0.5
0.666666666667 0.666666666667 0.666666666667
0.666666666667 0.666666666667 0.666666666667
0.75 0.75 0.75
0.75 0.75 0.75
0.75 0.75 0.75
0.75 0.75 0.75
0.2 0.2 0.2
0.0 0.0 0.0
0.1 0.1 0.1
0.125 0.125 0.125
0.166666666667 0.166666666667 0.166666666667
0.166666666667 0.166666666667 0.166666666667
0.166666666667 0.166666666667 0.166666666667
0.166666666667 0.166666666667 0.166666666667
0.166666666667 0.166666666667 0.166666666667
0.166666666667 0.166666666667 0.166666666667
0.166666666667 0.166666666667 0.166666666667
0.2 0.2 0.2
0.25 0.25 0.25
0.333333333333 0.333333333333 0.333333333333
0.5 0.5 0.5
0.6 0.6 0.6
0.666666666667 0.666666666667 0.666666666667
0.7 0.7 0.7
0.75 0.75 0.75
0.8 0.8 0.8
0.8 0.8 0.8
0.8 0.8 0.8
0.8 0.8 0.8
0.8 0.8 0.8
0.8 0.8 0.8
0.8 0.8 0.8
0.8 0.8 0.8
0.8 0.8 0.8
0.8 0.8 0.8
0.833333333333 0.833333333333 0.833333333333
0.833333333333 0.833333333333 0.833333333333
0.833333333333 0.833333333333 0.833333333333
0.833333333333 0.833333333333 0.833333333333
0.833333333333 0.833333333333 0.833333333333
0.833333333333 0.833333333333 0.833333333333
0.833333333333 0.833333333333 0.833333333333
0.833333333333 0.833333333333 0.833333333333
0.833333333333 0.833333333333 0.833333333333
0.875 0.875 0.875
0.9 0.9 0.9
1.0 1.0 1.0
0.333333333333 0.333333333333 0.333333333333
0.4 0.4 0.4
0.5 0.5 0.5
0.6 0.6 0.6
0.666666666667 0.666666666667 0.666666666667
0.7 0.7 0.7
0.75 0.75 0.75
0.8 0.8 0.8
0.833333333333 0.833333333333 0.833333333333
0.833333333333 0.833333333333 0.833333333333
0.833333333333 0.833333333333 0.833333333333
0.833333333333 0.833333333333 0.833333333333
0.833333333333 0.833333333333 0.833333333333
1.0 1.0 1.0
1.0 1.0 1.0
1.0 1.0 1.0
1.0 1.0 1.0
1.0 1.0 1.0
1.0 1.0 1.0
1.0 1.0 1.0
1.0 1.0 1.0
1.0 1.0 1.0
0.666666666667 0.666666666667 0.666666666667
0.75 0.75 0.75
0.75 0.75 0.75
0.75 0.75 0.75
0.5 0.5 0.5
0.5 0.5 0.5
0.5 0.5 0.5
0.666666666667 0.666666666667 0.666666666667
0.666666666667 0.666666666667 0.666666666667
0.75 0.75 0.75
0.75 0.75 0.75
0.75 0.75 0.75
0.75 0.75 0.75
0.75 0.75 0.75
0.75 0.75 0.75
0.75 0.75 0.75
0.75 0.75 0.75
0.5 0.5 0.5
0.5 0.5 0.5
0.5 0.5 0.5
0.5 0.5 0.5
0.666666666667 0.666666666667 0.666666666667
0.666666666667 0.666666666667 0.666666666667
0.75 0.75 0.75
0.75 0.75 0.75
0.75 0.75 0.75
0.75 0.75 0.75
0.2 0.2 0.2
0.5 0.5 0.5
0.5 0.5 0.5
0.0 0.0 0.0
0.1 0.1 0.1
0.125 0.125 0.125
0.166666666667 0.166666666667 0.166666666667
0.166666666667 0.166666666667 0.166666666667
0.166666666667 0.166666666667 0.166666666667
0.166666666667 0.166666666667 0.166666666667
0.166666666667 0.166666666667 0.166666666667
0.166666666667 0.166666666667 0.166666666667
0.166666666667 0.166666666667 0.166666666667
0.2 0.2 0.2
0.25 0.25 0.25
0.333333333333 0.333333333333 0.333333333333
0.5 0.5 0.5
0.6 0.6 0.6
0.666666666667 0.666666666667 0.666666666667
0.7 0.7 0.7
0.75 0.75 0.75
0.8 0.8 0.8
0.8 0.8 0.8
0.8 0.8 0.8
0.8 0.8 0.8
0.8 0.8 0.8
0.8 0.8 0.8
0.8 0.8 0.8
0.8 0.8 0.8
0.8 0.8 0.8
0.8 0.8 0.8
0.833333333333 0.833333333333 0.833333333333
0.833333333333 0.833333333333 0.833333333333
0.833333333333 0.833333333333 0.833333333333
0.833333333333 0.833333333333 0.833333333333
0.833333333333 0.833333333333 0.833333333333
0.833333333333 0.833333333333 0.833333333333
0.833333333333 0.833333333333 0.833333333333
0.833333333333 0.833333333333 0.833333333333
0.833333333333 0.833333333333 0.833333333333
0.875 0.875 0.875
0.9 0.9 0.9
1.0 1.0 1.0
0.333333333333 0.333333333333 0.333333333333
0.4 0.4 0.4
0.5 0.5 0.5
0.6 0.6 0.6
0.666666666667 0.666666666667 0.666666666667
0.7 0.7 0.7
0.75 0.75 0.75
0.8 0.8 0.8
0.833333333333 0.833333333333 0.833333333333
0.833333333333 0.833333333333 0.833333333333
0.833333333333 0.833333333333 0.833333333333
0.833333333333 0.833333333333 0.833333333333
0.833333333333 0.833333333333 0.833333333333
1.0 1.0 1.0
1.0 1.0 1.0
1.0 1.0 1.0
1.0 1.0 1.0
1.0 1.0 1.0
1.0 1.0 1.0
1.0 1.0 1.0
1.0 1.0 1.0
1.0 1.0 1.0
0.666666666667 0.666666666667 0.666666666667
0.75 0.75 0.75
0.75 0.75 0.75
0.75 0.75 0.75
0.5 0.5 0.5
0.5 0.5 0.5
0.5 0.5 0.5
0.666666666667 0.666666666667 0.666666666667
0.666666666667 0.666666666667 0.666666666667
0.75 0.75 0.75
0.75 0.75 0.75
0.75 0.75 0.75
0.75 0.75 0.75
0.75 0.75 0.75
0.75 0.75 0.75
0.75 0.75 0.75
0.75 0.75 0.75
0.5 0.5 0.5
0.5 0.5 0.5
0.5 0.5 0.5
0.5 0.5 0.5
0.666666666667 0.666666666667 0.666666666667
0.666666666667 0.666666666667 0.666666666667
0.75 0.75 0.75
0.75 0.75 0.75
0.75 0.75 0.75
0.75 0.75 0.75
0.2 0.2 0.2
0.5 0.5 0.5
